points2.pts
zone2.inf
 8 14
 6
HK_UTQA0
HK_UTQA1
HK_UTQA2
HK_UTQA3
HK_UTQA4
HK_UTQA5
 1 1 2 0.00000000E+00 1 1.00000000 2 0.00000000E+00
 2 1 2 0.00000000E+00 1 0.741357267 2 0.258642763
 10 1 2 0.00000000E+00 1 0.578808784 2 0.421191216
 17 1 2 0.00000000E+00 2 0.578808784 1 0.421191216
 18 1 2 0.00000000E+00 2 0.676018536 1 0.323981434
 19 1 3 0.00000000E+00 2 0.558057070 1 0.277244151 3 0.164698750
 25 1 3 0.00000000E+00 2 0.656015277 1 0.202425286 3 0.141559452
 26 1 3 0.00000000E+00 2 1.00000000 1 0.00000000E+00 3 0.00000000E+00
 27 1 3 0.00000000E+00 2 0.656015277 3 0.202425286 1 0.141559452
 28 1 3 0.00000000E+00 2 0.492417127 3 0.240925565 4 0.266657323
 34 1 2 0.00000000E+00 2 0.676018536 3 0.323981434
 35 1 3 0.00000000E+00 2 0.516175330 3 0.331509531 4 0.152315125
 36 1 3 0.00000000E+00 2 0.382742852 3 0.332105398 4 0.285151750
 37 1 3 0.00000000E+00 4 0.427533865 3 0.271801054 2 0.300665081
 38 1 2 0.00000000E+00 4 0.630677462 3 0.369322568
 42 1 2 0.00000000E+00 3 0.578808784 2 0.421191216
 43 1 3 0.00000000E+00 3 0.600674570 2 0.271361440 4 0.127963975
 44 1 4 0.00000000E+00 3 0.454627484 4 0.276503354 2 0.202654108 5 6.62150607E-02
 45 1 3 0.00000000E+00 4 0.531508863 3 0.289085627 2 0.179405540
 46 1 2 0.00000000E+00 4 0.757951856 3 0.242048159
 50 1 4 0.00000000E+00 3 0.632786632 2 0.185673580 5 0.119441606 4 6.20981827E-02
 51 1 4 0.00000000E+00 3 1.00000000 4 0.00000000E+00 2 0.00000000E+00 5 0.00000000E+00
 52 1 4 0.00000000E+00 3 0.556488872 4 0.266068578 5 0.107658215 2 6.97843060E-02
 53 1 4 0.00000000E+00 4 0.573463321 3 0.270369738 5 9.79849845E-02 6 5.81819229E-02
 54 1 4 0.00000000E+00 4 1.00000000 3 0.00000000E+00 6 0.00000000E+00 5 0.00000000E+00
 55 1 3 0.00000000E+00 4 0.678715765 6 0.214894101 3 0.106390134
 59 1 3 0.00000000E+00 3 0.615107775 5 0.271399707 4 0.113492504
 60 1 4 0.00000000E+00 3 0.430939823 5 0.276640087 4 0.220130742 6 7.22893625E-02
 61 1 4 0.00000000E+00 4 0.423629194 3 0.218711883 5 0.226512238 6 0.131146684
 62 1 4 0.00000000E+00 4 0.568229854 6 0.220961019 5 0.130164966 3 8.06441307E-02
 63 1 3 0.00000000E+00 4 0.522328079 6 0.355763853 5 0.121908039
 67 1 3 0.00000000E+00 5 0.522328079 3 0.355763853 4 0.121908039
 68 1 4 0.00000000E+00 5 0.568229854 3 0.220961019 4 0.130164966 6 8.06441307E-02
 70 1 4 0.00000000E+00 6 0.430939823 4 0.276640087 5 0.220130742 3 7.22893625E-02
 71 1 3 0.00000000E+00 6 0.615107775 4 0.271399707 5 0.113492504
 75 1 3 0.00000000E+00 5 0.678715765 3 0.214894101 6 0.106390134
 76 1 4 0.00000000E+00 5 1.00000000 6 0.00000000E+00 3 0.00000000E+00 4 0.00000000E+00
 77 1 4 0.00000000E+00 5 0.573463321 6 0.270369738 4 9.79849845E-02 3 5.81819229E-02
 78 1 3 0.00000000E+00 6 0.587413192 5 0.286837608 4 0.125749230
 79 1 3 0.00000000E+00 6 1.00000000 5 0.00000000E+00 4 0.00000000E+00
 84 1 2 0.00000000E+00 5 0.757951856 6 0.242048159
 85 1 2 0.00000000E+00 5 0.606933475 6 0.393066525
 91 1 1 0.00000000E+00 5 0.6069334770529319
