points4.pts
zone4.inf
 8 14
 7
HK_UTAF0
HK_UTAF1
HK_UTAF2
HK_UTAF3
HK_UTAF4
HK_UTAF5
HK_UTAF6
 2 1 1 0.00000000E+00 1 0.000000000000000E+00
 10 1 2 0.00000000E+00 1 0.727273107 2 0.272726864
 18 1 3 0.00000000E+00 1 0.681759894 2 0.220044315 3 9.81957689E-02
 19 1 4 0.00000000E+00 1 1.00000000 2 0.00000000E+00 3 0.00000000E+00 4 0.00000000E+00
 26 1 4 0.00000000E+00 1 0.444748610 2 0.393687010 3 4.91157174E-02 4 0.112448670
 27 1 5 0.00000000E+00 1 0.458559334 2 0.435372293 3 8.39813724E-02 4 1.21505456E-02 5 9.93646216E-03
 28 1 5 0.00000000E+00 1 0.351264179 2 0.274760455 3 0.343652666 4 1.40532693E-02 5 1.62694156E-02
 34 1 5 0.00000000E+00 2 0.558470190 1 0.196578026 4 0.183690876 3 1.85673852E-02 5 4.26934883E-02
 35 1 5 0.00000000E+00 2 1.00000000 1 0.00000000E+00 3 0.00000000E+00 4 0.00000000E+00 5 0.00000000E+00
 36 1 6 0.00000000E+00 2 0.400744349 3 0.415696323 1 7.33138397E-02 4 5.61662279E-02 5 5.79335503E-02 6 -3.85427964E-03
 37 1 6 0.00000000E+00 3 1.00000000 2 0.00000000E+00 5 0.00000000E+00 1 0.00000000E+00 4 0.00000000E+00 6 0.00000000E+00
 38 1 6 0.00000000E+00 3 0.568540394 5 9.44960713E-02 6 0.224525556 2 8.54662340E-03 1 7.61047974E-02 4 2.77865343E-02
 42 1 5 0.00000000E+00 2 0.389297962 4 0.425690234 1 0.107501470 3 3.07618435E-02 5 4.67484668E-02
 43 1 5 0.00000000E+00 2 0.430285960 4 0.433473796 3 6.27115816E-02 5 6.41119555E-02 1 9.41671990E-03
 45 1 6 0.00000000E+00 3 0.415696323 5 0.400744349 2 5.79335503E-02 4 5.61662279E-02 6 7.33138397E-02 1 -3.85427964E-03
 46 1 5 0.00000000E+00 3 0.343652666 5 0.274760455 6 0.351264179 2 1.62694156E-02 4 1.40532693E-02
 50 1 4 0.00000000E+00 4 0.650836945 2 0.209510386 5 7.23799318E-02 3 6.72727674E-02
 51 1 6 0.00000000E+00 4 1.00000000 2 0.00000000E+00 5 0.00000000E+00 3 0.00000000E+00 1 0.00000000E+00 6 0.00000000E+00
 53 1 6 0.00000000E+00 5 1.00000000 3 0.00000000E+00 4 0.00000000E+00 6 0.00000000E+00 2 0.00000000E+00 7 0.00000000E+00
 55 1 4 0.00000000E+00 6 1.00000000 5 0.00000000E+00 3 0.00000000E+00 4 0.00000000E+00
 63 1 4 0.00000000E+00 6 0.618229151 5 0.158549249 3 4.78900746E-02 7 0.175331518
 75 1 3 0.00000000E+00 7 0.483719677 4 0.315134674 5 0.201145634
 76 1 3 0.00000000E+00 7 0.589944780 4 0.218306929 5 0.191748276
 85 1 2 0.00000000E+00 7 1.00000000 5 0.00000000E+00
