points0.pts
zone0.inf
 8 14
 4
HK_QA0
HK_QA1
HK_QA2
HK_QA3
 1 1 2 0.00000000E+00 1 1.00000000 2 0.00000000E+00
 2 1 2 0.00000000E+00 1 0.721167266 2 0.278832734
 10 1 2 0.00000000E+00 1 0.500000000 2 0.500000000
 17 1 2 0.00000000E+00 2 1.00000000 1 0.00000000E+00
 19 1 2 0.00000000E+00 2 0.598685861 1 0.401314139
 50 1 1 0.00000000E+00 3 0.5986858550734859
 59 1 1 0.00000000E+00 3 0.5986858550734859
 62 1 2 0.00000000E+00 4 0.654649377 3 0.345350653
 70 1 1 0.00000000E+00 4 0.6546493558930411
 71 1 1 0.00000000E+00 4 0.6546493558930411
 76 1 1 0.00000000E+00 3 0.6546493558930411
 79 1 1 0.00000000E+00 4 0.6546493558930411
