points5.pts
zone5.inf
 8 14
 3
HK_LTA0
HK_LTA1
HK_LTA2
 1 1 2 0.00000000E+00 1 1.00000000 2 0.00000000E+00
 2 1 2 0.00000000E+00 1 0.741357267 2 0.258642763
 10 1 2 0.00000000E+00 1 0.578808784 2 0.421191216
 18 1 3 0.00000000E+00 2 0.626183689 1 0.291153640 3 8.26626867E-02
 19 1 3 0.00000000E+00 2 0.558057070 1 0.277244151 3 0.164698750
 26 1 3 0.00000000E+00 2 1.00000000 1 0.00000000E+00 3 0.00000000E+00
 27 1 3 0.00000000E+00 2 0.656015277 3 0.202425286 1 0.141559452
 28 1 3 0.00000000E+00 2 0.469049543 3 0.310306609 1 0.220643848
 34 1 3 0.00000000E+00 2 0.626183689 3 0.291153640 1 8.26626867E-02
 35 1 3 0.00000000E+00 2 0.514663935 3 0.378936946 1 0.106399119
 36 1 3 0.00000000E+00 2 0.394565195 3 0.430546761 1 0.174888030
 37 1 2 0.00000000E+00 3 0.523528874 2 0.476471126
 38 1 2 0.00000000E+00 3 0.523660123 2 0.476339906
 42 1 2 0.00000000E+00 3 0.578808784 2 0.421191216
 43 1 2 0.00000000E+00 3 0.676018536 2 0.323981434
 45 1 2 0.00000000E+00 3 0.602032900 2 0.397967100
 46 1 2 0.00000000E+00 3 0.562235832 2 0.437764198
 50 1 2 0.00000000E+00 3 0.741357267 2 0.258642763
 51 1 2 0.00000000E+00 3 1.00000000 2 0.00000000E+00
 53 1 2 0.00000000E+00 3 0.656124175 2 0.343875796
 55 1 1 0.00000000E+00 3 0.6561241917305597
 63 1 1 0.00000000E+00 3 0.6561241917305597
 91 1 1 0.00000000E+00 3 0.6561241917305597
