points1.pts
zone1.inf
 66 136
 4
SY_UTB0
SY_UTB1
SY_UTB2
SY_UTB3
 5713 1 3 0.00000000E+00 1 1.00000000 2 0.00000000E+00 3 0.00000000E+00
 5778 1 3 0.00000000E+00 1 0.889111638 2 0.103786670 3 7.10168015E-03
 5779 1 3 0.00000000E+00 1 0.916911423 2 7.49511868E-02 3 8.13736301E-03
 5843 1 3 0.00000000E+00 1 0.783228099 2 0.203992963 3 1.27789704E-02
 5844 1 3 0.00000000E+00 1 0.816610694 2 0.172223821 3 1.11654764E-02
 5909 1 3 0.00000000E+00 1 0.713643730 2 0.271776736 3 1.45795103E-02
 5974 1 3 0.00000000E+00 1 0.614802599 2 0.367250264 3 1.79471318E-02
 5975 1 3 0.00000000E+00 1 0.639831364 2 0.343445390 3 1.67232398E-02
 6040 1 3 0.00000000E+00 1 0.543174386 2 0.438796699 3 1.80289038E-02
 6041 1 3 0.00000000E+00 1 0.564038277 2 0.417286277 3 1.86754521E-02
 6106 1 3 0.00000000E+00 2 0.512955129 1 0.469293684 3 1.77511983E-02
 6107 1 3 0.00000000E+00 2 0.492526144 1 0.487235218 3 2.02386305E-02
 6172 1 3 0.00000000E+00 2 0.589244664 1 0.393863231 3 1.68920979E-02
 6238 1 3 0.00000000E+00 2 0.667460382 1 0.317228973 3 1.53106293E-02
 6304 1 4 0.00000000E+00 2 0.746364176 1 0.237267002 3 2.15337705E-03 4 1.42154628E-02
 6370 1 4 0.00000000E+00 2 0.828729749 3 1.85799133E-03 1 0.159170017 4 1.02422284E-02
 6371 1 4 0.00000000E+00 2 0.795762718 3 2.32716203E-02 1 0.176892757 4 4.07292647E-03
 6435 1 4 0.00000000E+00 2 0.882988930 3 1.13718528E-02 1 8.67223442E-02 4 1.89168714E-02
 6436 1 4 0.00000000E+00 2 0.913216293 3 1.16551144E-03 1 8.01111534E-02 4 5.50701423E-03
 6437 1 4 0.00000000E+00 2 0.859869540 3 3.61021422E-02 1 0.104204170 4 -1.75839465E-04
 6502 1 4 0.00000000E+00 2 1.00000000 3 0.00000000E+00 1 0.00000000E+00 4 0.00000000E+00
 6503 1 4 0.00000000E+00 2 0.878354073 3 7.69381002E-02 1 4.76885363E-02 4 -2.98072165E-03
 6569 1 4 0.00000000E+00 2 0.802084386 3 0.174980372 1 2.48185601E-02 4 -1.88334403E-03
 6633 1 4 0.00000000E+00 2 0.708251894 3 0.257090986 4 2.85797995E-02 1 6.07733941E-03
 6634 1 4 0.00000000E+00 2 0.713234007 3 0.272731274 4 1.05090151E-02 1 3.52570019E-03
 6635 1 4 0.00000000E+00 2 0.680007994 3 0.301407188 1 1.79921538E-02 4 5.92672848E-04
 6699 1 4 0.00000000E+00 2 0.580305636 3 0.379378200 4 3.61613892E-02 1 4.15480183E-03
 6700 1 4 0.00000000E+00 2 0.573055029 3 0.408349305 4 1.49016893E-02 1 3.69398319E-03
 6701 1 4 0.00000000E+00 2 0.547219515 3 0.435607314 4 2.61730282E-03 1 1.45558519E-02
 6765 1 4 0.00000000E+00 3 0.498910338 2 0.452757657 4 4.55800071E-02 1 2.75198370E-03
 6766 1 4 0.00000000E+00 3 0.542882919 2 0.435086668 4 1.91404521E-02 1 2.88994727E-03
 6767 1 4 0.00000000E+00 3 0.573139966 2 0.411511928 4 3.73258558E-03 1 1.16154868E-02
 6831 1 4 0.00000000E+00 3 0.609186590 2 0.330491424 4 5.90134710E-02 1 1.30852323E-03
 6832 1 4 0.00000000E+00 3 0.674208045 2 0.300314665 4 2.42394842E-02 1 1.23779604E-03
 6833 1 4 0.00000000E+00 3 0.713052571 2 0.274815679 4 3.75941186E-03 1 8.37232266E-03
 6897 1 4 0.00000000E+00 3 0.697870314 2 0.220587030 4 8.15098584E-02 1 3.27973103E-05
 6898 1 4 0.00000000E+00 3 0.793801606 2 0.173204213 4 3.38834152E-02 1 -8.89250310E-04
 6899 1 4 0.00000000E+00 3 0.855263829 2 0.137631580 4 2.56476039E-03 1 4.53986134E-03
 6963 1 4 0.00000000E+00 3 0.743124664 2 0.134964526 4 0.122230634 1 -3.19859653E-04
 6964 1 4 0.00000000E+00 3 0.863324523 2 7.43858442E-02 4 6.42261952E-02 1 -1.93654455E-03
 6965 1 4 0.00000000E+00 3 1.00000000 2 0.00000000E+00 4 0.00000000E+00 1 0.00000000E+00
 7029 1 3 0.00000000E+00 3 0.730272174 2 8.21552351E-02 4 0.187572613
 7030 1 3 0.00000000E+00 3 0.829342663 2 3.28786187E-02 4 0.137778729
 7095 1 3 0.00000000E+00 3 0.674041986 4 0.271546513 2 5.44115305E-02
 7096 1 3 0.00000000E+00 3 0.745822728 4 0.232648209 2 2.15290841E-02
 7161 1 3 0.00000000E+00 3 0.596045673 4 0.364915252 2 3.90390567E-02
 7162 1 3 0.00000000E+00 3 0.651113153 4 0.331982166 2 1.69047005E-02
 7163 1 3 0.00000000E+00 3 0.686084867 4 0.305874199 2 8.04093387E-03
 7164 1 3 0.00000000E+00 3 0.694216490 4 0.290388942 2 1.53946010E-02
 7227 1 3 0.00000000E+00 3 0.508230865 4 0.462626904 2 2.91422345E-02
 7228 1 3 0.00000000E+00 3 0.554129183 4 0.431864440 2 1.40063567E-02
 7229 1 3 0.00000000E+00 3 0.587146044 4 0.403707057 2 9.14691389E-03
 7293 1 3 0.00000000E+00 4 0.562374294 3 0.415975749 2 2.16499493E-02
 7294 1 3 0.00000000E+00 4 0.530797720 3 0.457649708 2 1.15525620E-02
 7295 1 3 0.00000000E+00 3 0.491769254 4 0.498413801 2 9.81694181E-03
 7359 1 3 0.00000000E+00 4 0.662828863 3 0.321961224 2 1.52099030E-02
 7424 1 3 0.00000000E+00 4 0.790225387 3 0.191129863 2 1.86447483E-02
 7425 1 3 0.00000000E+00 4 0.762361407 3 0.228282169 2 9.35642980E-03
 7489 1 3 0.00000000E+00 4 0.882612228 3 9.03951526E-02 2 2.69925911E-02
 7555 1 3 0.00000000E+00 4 0.946341753 3 2.96826698E-02 2 2.39755493E-02
 7556 1 3 0.00000000E+00 4 1.00000000 3 0.00000000E+00 2 0.00000000E+00
 7621 1 3 0.00000000E+00 4 0.955569446 3 1.18561294E-02 2 3.25744376E-02
 7622 1 3 0.00000000E+00 4 0.970830679 3 1.08560054E-02 2 1.83132868E-02
 7686 1 3 0.00000000E+00 4 0.915602505 3 2.18426939E-02 2 6.25547767E-02
 7687 1 3 0.00000000E+00 4 0.938900471 3 1.44414464E-02 2 4.66580801E-02
 7688 1 3 0.00000000E+00 4 0.943405926 3 2.04799958E-02 2 3.61140706E-02
 7754 1 3 0.00000000E+00 4 0.917559087 3 2.91136000E-02 2 5.33273108E-02
 7819 1 2 0.00000000E+00 4 0.906569421 3 9.34305638E-02
 7820 1 2 0.00000000E+00 4 0.904452085 3 9.55479443E-02
 7885 1 2 0.00000000E+00 4 0.886658549 3 0.113341458
 7886 1 2 0.00000000E+00 4 0.883955836 3 0.116044186
 7952 1 2 0.00000000E+00 4 0.864590824 3 0.135409176
