points5.pts
zone5.inf
 16 28
 11
HK_LTA0
HK_LTA1
HK_LTA2
HK_LTA3
HK_LTA4
HK_LTA5
HK_LTA6
HK_LTA7
HK_LTA8
HK_LTA9
HK_LTA10
 2 1 4 0.00000000E+00 1 0.625278771 2 4.42684069E-02 3 0.172508851 4 0.157943994
 3 1 5 0.00000000E+00 1 0.622919321 2 3.77314724E-02 3 0.146194041 4 0.104036994 5 8.91181976E-02
 18 1 5 0.00000000E+00 1 0.702996314 2 2.18050107E-02 3 0.104162395 4 9.62214693E-02 5 7.48148263E-02
 19 1 5 0.00000000E+00 1 0.715694249 2 3.07928417E-02 3 0.114094108 4 7.49383271E-02 5 6.44804537E-02
 34 1 5 0.00000000E+00 1 0.792516053 2 1.58574656E-02 3 6.48974925E-02 4 7.57968128E-02 5 5.09321950E-02
 35 1 7 0.00000000E+00 1 0.824237823 2 1.97580811E-02 3 4.78945784E-02 4 1.08895935E-02 5 5.58713684E-03 6 4.28886004E-02 8 4.87441756E-02
 36 1 6 0.00000000E+00 1 0.729429007 2 8.15877169E-02 3 9.65999067E-02 4 2.98128799E-02 5 8.14814866E-03 6 5.44223711E-02
 50 1 7 0.00000000E+00 1 0.810058892 2 4.12887782E-02 4 4.28607091E-02 3 1.25567447E-02 5 2.80672801E-03 8 5.24883121E-02 6 3.79398391E-02
 51 1 7 0.00000000E+00 1 1.00000000 2 0.00000000E+00 3 0.00000000E+00 4 0.00000000E+00 5 0.00000000E+00 8 0.00000000E+00 6 0.00000000E+00
 52 1 7 0.00000000E+00 1 0.736048877 2 0.152827889 3 7.44071528E-02 4 -6.08238275E-04 5 -6.20498788E-03 6 2.01780014E-02 8 2.33513024E-02
 66 1 7 0.00000000E+00 1 0.686330974 2 0.137281373 4 8.21832940E-02 3 5.08886622E-03 5 -4.79711825E-03 8 5.87313585E-02 6 3.51812541E-02
 67 1 8 0.00000000E+00 1 0.709236205 2 0.202680230 4 4.81749512E-02 3 9.35418531E-03 5 -1.22378999E-02 8 2.28322856E-02 6 8.59538373E-03 9 1.13646584E-02
 68 1 8 0.00000000E+00 1 0.577610731 2 0.327908367 3 5.90744503E-02 4 1.73769016E-02 5 -1.66165605E-02 6 6.86657429E-03 8 1.63649190E-02 9 1.14146266E-02
 69 1 9 0.00000000E+00 2 0.406105846 1 0.407779425 3 0.155283451 4 -7.30240392E-03 5 -1.81386881E-02 6 -1.72968500E-03 8 1.91298239E-02 9 1.36226192E-02 7 2.52496097E-02
 70 1 9 0.00000000E+00 2 0.365625292 3 0.300846487 1 0.286050349 5 -1.71439201E-02 4 -1.52216954E-02 6 -1.84003182E-03 8 2.58808043E-02 9 1.83870569E-02 7 3.74156460E-02
 83 1 8 0.00000000E+00 1 0.472012520 2 0.363199651 4 0.115020312 3 1.11410231E-03 5 -1.91435013E-02 8 3.85318361E-02 6 1.31042274E-02 9 1.61608737E-02
 84 1 9 0.00000000E+00 2 0.544607520 1 0.355210394 4 5.69474958E-02 3 2.49429084E-02 5 -1.93939377E-02 8 1.75274089E-02 6 -8.20416608E-04 9 7.13372091E-03 7 1.38449119E-02
 85 1 9 0.00000000E+00 2 0.658589959 1 0.219647124 3 0.113506131 4 -3.34715145E-03 5 -1.41972573E-02 6 -3.25836986E-03 8 1.01319011E-02 9 6.56202482E-03 7 1.23656420E-02
 86 1 9 0.00000000E+00 2 0.519972026 3 0.315280199 1 0.147551045 5 4.00442630E-03 4 -1.49818119E-02 6 -6.79996982E-03 8 1.07501056E-02 9 7.54355500E-03 7 1.66804250E-02
 99 1 8 0.00000000E+00 2 0.428270966 1 0.294204533 4 0.223478049 3 -9.68077499E-03 5 -1.78464837E-02 8 5.05682379E-02 6 1.48221506E-02 9 1.61833465E-02
 100 1 10 0.00000000E+00 2 0.662897050 4 0.149714261 1 0.171659380 3 -1.20020397E-02 5 -6.31890818E-03 8 1.56551078E-02 6 -5.31317841E-04 9 5.28397286E-05 7 1.06533421E-02 10 8.22029728E-03
 101 1 10 0.00000000E+00 2 1.00000000 3 0.00000000E+00 4 0.00000000E+00 1 0.00000000E+00 5 0.00000000E+00 6 0.00000000E+00 8 0.00000000E+00 9 0.00000000E+00 7 0.00000000E+00 10 0.00000000E+00
 102 1 10 0.00000000E+00 2 0.602594018 3 0.284769773 5 7.73770511E-02 4 1.82853024E-02 1 2.58975532E-02 6 -4.60663298E-03 8 -3.26503650E-03 9 -4.11974685E-03 7 5.71104523E-04 10 2.49663671E-03
 104 1 10 0.00000000E+00 3 1.00000000 2 0.00000000E+00 5 0.00000000E+00 6 0.00000000E+00 4 0.00000000E+00 1 0.00000000E+00 7 0.00000000E+00 9 0.00000000E+00 8 0.00000000E+00 10 0.00000000E+00
 115 1 9 0.00000000E+00 2 0.359814703 4 0.388948053 1 0.176967248 5 -1.23019898E-02 8 5.93608432E-02 3 -9.82704666E-03 6 1.36381099E-02 9 3.30296950E-03 10 2.00970974E-02
 116 1 10 0.00000000E+00 2 0.511845171 4 0.353166491 5 3.32918838E-02 1 8.39011967E-02 3 -6.07066788E-03 8 1.33178821E-02 6 -2.17760587E-03 9 -3.37015698E-03 10 6.50060922E-03 7 9.59517527E-03
 117 1 10 0.00000000E+00 2 0.603934586 4 0.233093277 5 0.124194674 3 5.28248399E-02 1 3.87625839E-03 6 -4.67608543E-03 8 -6.93307072E-03 9 -6.47509843E-03 7 -8.83904795E-05 10 2.49007455E-04
 118 1 10 0.00000000E+00 2 0.455859154 3 0.221312448 5 0.240447059 4 0.121164352 6 1.94808934E-03 1 -1.29250390E-02 8 -1.07637532E-02 9 -1.08297970E-02 7 -4.54535801E-03 10 -1.66714704E-03
 119 1 10 0.00000000E+00 3 0.446265578 5 0.284987032 2 0.226056904 4 4.33150157E-02 6 3.99462022E-02 9 -1.18714795E-02 1 -9.96423699E-03 7 -6.05303003E-03 8 -9.79601871E-03 10 -2.88597378E-03
 120 1 11 0.00000000E+00 3 0.603716850 5 0.217061654 6 0.138229340 2 5.40347099E-02 4 5.01383422E-03 9 -9.30209737E-03 7 6.00611325E-03 1 -7.31057115E-03 8 -5.08716982E-03 10 -1.95799582E-03 11 -4.04690451E-04
 121 1 11 0.00000000E+00 3 0.534287870 6 0.292403489 5 0.122339852 2 -3.57742095E-03 7 5.59558906E-02 9 -1.51785705E-02 4 -4.90251323E-03 1 6.74746651E-03 8 3.56833334E-03 10 3.68424761E-03 11 4.67133103E-03
 122 1 11 0.00000000E+00 6 0.390822500 3 0.388833493 5 4.56249341E-02 7 0.153516605 2 -8.86904541E-03 9 -2.42602397E-02 4 -3.24978097E-03 1 2.26070192E-02 10 1.07775573E-02 8 1.24947550E-02 11 1.17021948E-02
 131 1 9 0.00000000E+00 4 0.588090539 2 0.209634051 8 8.62372071E-02 5 -1.67568643E-02 1 0.105508327 3 -3.61423101E-03 6 1.27517274E-02 9 1.51371327E-03 10 1.66355222E-02
 132 1 10 0.00000000E+00 4 0.638782501 2 0.255373120 5 5.21938615E-02 8 8.23612325E-03 3 2.73411232E-03 1 3.94339375E-02 6 -3.15453927E-03 9 -4.34762659E-03 10 3.87536664E-03 7 6.87312847E-03
 133 1 10 0.00000000E+00 4 0.458895236 2 0.294423848 5 0.228791222 3 4.13440652E-02 8 -7.41826743E-03 6 -9.14140698E-03 1 -1.65447895E-03 9 -5.09127695E-03 10 8.81599844E-04 7 -1.03053276E-03
 134 1 10 0.00000000E+00 5 0.457498223 2 0.239556149 4 0.223624647 3 0.117656447 6 -2.79158214E-03 8 -6.52871141E-03 9 -1.05224820E-02 1 -1.34723084E-02 7 -4.18748334E-03 10 -8.32901860E-04
 135 1 11 0.00000000E+00 5 0.589197636 3 0.215311870 2 0.122984365 4 5.62746003E-02 6 5.87974675E-02 9 -1.25534860E-02 8 -1.00134322E-02 7 -5.05444594E-03 1 -1.06426748E-02 10 -3.67789716E-03 11 -6.23983506E-04
 136 1 11 0.00000000E+00 5 0.447473466 3 0.295892268 6 0.236249417 2 3.72702517E-02 4 -1.73488678E-03 9 5.08362846E-03 7 -1.68374984E-03 8 -6.78378344E-03 10 -3.82828387E-03 1 -6.50603557E-03 11 -1.43230392E-03
 137 1 11 0.00000000E+00 6 0.481611937 3 0.279123604 5 0.224005342 9 1.52196421E-03 7 2.30518915E-02 2 1.20037317E-03 4 -8.43626261E-03 10 -9.86281433E-04 8 -7.66264042E-04 1 2.50415411E-04 11 -5.76691469E-04
 138 1 11 0.00000000E+00 6 0.640917540 3 0.200071201 5 5.86673357E-02 7 0.110867493 9 -2.07884870E-02 2 -5.48294373E-03 4 -3.99885792E-03 10 3.67903500E-03 8 4.66366624E-03 11 2.76731024E-03 1 8.63669440E-03
 139 1 11 0.00000000E+00 6 0.520048618 7 0.316107005 3 0.143583566 5 -1.74927549E-03 9 -1.55235529E-02 2 -4.03974392E-03 4 -4.79057373E-04 10 7.73588661E-03 11 8.58532451E-03 8 9.36843175E-03 1 1.63627788E-02
 147 1 10 0.00000000E+00 4 0.695478499 8 0.169539109 2 6.91680536E-02 5 -2.34913044E-02 3 -2.31448910E-03 1 5.83951958E-02 9 8.81746004E-04 6 2.65043671E-03 10 1.15022417E-02 7 1.81904957E-02
 148 1 10 0.00000000E+00 4 1.00000000 5 0.00000000E+00 2 0.00000000E+00 8 0.00000000E+00 3 0.00000000E+00 9 0.00000000E+00 6 0.00000000E+00 1 0.00000000E+00 10 0.00000000E+00 7 0.00000000E+00
 149 1 10 0.00000000E+00 4 0.589665353 5 0.279100299 2 8.28950331E-02 8 3.83510627E-02 3 9.94241238E-03 6 -1.16435681E-02 9 1.53046846E-02 1 -8.53488222E-03 10 7.84179568E-03 7 -2.92221410E-03
 150 1 11 0.00000000E+00 5 0.603819728 4 0.267604768 2 7.54874870E-02 3 1.99156757E-02 6 -1.47803444E-02 8 3.13709453E-02 9 2.05093548E-02 10 9.21620242E-03 1 -8.56247917E-03 7 -3.29880952E-03 11 -1.28253270E-03
 151 1 11 0.00000000E+00 5 1.00000000 4 0.00000000E+00 6 0.00000000E+00 3 0.00000000E+00 2 0.00000000E+00 9 0.00000000E+00 8 0.00000000E+00 7 0.00000000E+00 10 0.00000000E+00 1 0.00000000E+00 11 0.00000000E+00
 152 1 11 0.00000000E+00 5 0.590765715 6 0.264480799 3 8.77202302E-02 9 8.36547986E-02 4 -1.08436942E-02 2 -1.18211331E-03 7 -1.02321096E-02 8 2.04092334E-03 10 -1.71937433E-03 1 -2.21628998E-03 11 -2.46889959E-03
 153 1 11 0.00000000E+00 6 0.590612411 5 0.265162915 9 8.88936743E-02 3 8.46413746E-02 7 -1.02079716E-02 2 -4.40910319E-03 4 -8.92371126E-03 10 -3.70470830E-03 8 7.77824549E-04 11 -1.68672320E-03 1 -1.15596585E-03
 154 1 11 0.00000000E+00 6 1.00000000 5 0.00000000E+00 7 0.00000000E+00 9 0.00000000E+00 3 0.00000000E+00 2 0.00000000E+00 4 0.00000000E+00 10 0.00000000E+00 11 0.00000000E+00 8 0.00000000E+00 1 0.00000000E+00
 155 1 11 0.00000000E+00 6 0.616233706 7 0.304185569 9 4.24584001E-02 5 -1.59281567E-02 3 2.96791103E-02 2 -1.90940348E-03 10 2.40140385E-03 11 1.62489824E-02 4 -8.29246012E-04 8 1.78323418E-03 1 5.67635708E-03
 156 1 10 0.00000000E+00 7 0.631949008 6 0.293067992 9 3.44299935E-02 3 2.57011428E-02 5 -1.32067418E-02 11 1.94904692E-02 10 3.93985398E-03 2 1.51030766E-03 4 1.98889320E-04 8 2.91912281E-03
 157 1 9 0.00000000E+00 7 1.00000000 6 0.00000000E+00 9 0.00000000E+00 3 0.00000000E+00 5 0.00000000E+00 11 0.00000000E+00 10 0.00000000E+00 2 0.00000000E+00 4 0.00000000E+00
 163 1 9 0.00000000E+00 4 0.539000630 8 0.377434522 5 -1.47250481E-04 2 1.32734794E-02 9 9.90662724E-03 3 4.77596361E-04 1 3.74669768E-02 6 8.75161868E-03 10 1.38357813E-02
 164 1 10 0.00000000E+00 4 0.623960316 8 0.265645653 5 8.42590034E-02 2 -1.17323427E-02 9 2.54695751E-02 3 -5.79396449E-03 6 -3.87668237E-03 10 1.64450295E-02 1 3.77508276E-03 7 1.84830837E-03
 165 1 10 0.00000000E+00 4 0.479528725 5 0.274983466 8 0.182844475 2 1.09447970E-03 9 5.94225191E-02 3 -9.16270167E-03 6 -8.86603445E-03 10 3.06795035E-02 1 -6.68600434E-03 7 -3.83843784E-03
 166 1 11 0.00000000E+00 5 0.508507013 4 0.255918860 8 0.118461512 9 0.106236972 2 3.15319374E-03 6 -1.03111309E-03 3 -1.54661695E-02 10 3.85341756E-02 7 -5.47182746E-03 1 -5.03451796E-03 11 -3.80808930E-03
 167 1 11 0.00000000E+00 5 0.636346579 9 0.174685970 4 8.19495395E-02 6 5.84419481E-02 3 -1.67341605E-02 2 -1.33315837E-02 8 6.26804903E-02 10 3.01922821E-02 7 -8.18515010E-03 1 -1.19419734E-03 11 -4.85171285E-03
 168 1 11 0.00000000E+00 5 0.480818003 6 0.223874226 9 0.269765466 3 4.47738962E-03 4 1.29478704E-02 2 -1.50029007E-02 10 1.13506103E-02 7 -1.06970649E-02 8 2.72920653E-02 11 -4.52748826E-03 1 -2.98155122E-04
 169 1 11 0.00000000E+00 6 0.451281816 9 0.307641000 5 0.236401007 3 4.62816283E-03 7 4.86219721E-03 4 -2.53295549E-03 10 -4.37624194E-03 2 -8.85753520E-03 8 7.55653204E-03 11 3.44428630E-03 1 -4.82609976E-05
 170 1 11 0.00000000E+00 6 0.603656411 9 0.253969103 5 5.75933531E-02 7 8.55561271E-02 3 -1.55742867E-02 10 -3.56378499E-03 4 -3.08145629E-03 2 -3.32303322E-03 11 2.39812434E-02 8 -6.31623843E-04 1 1.41791604E-03
 171 1 10 0.00000000E+00 6 0.487207294 7 0.287164211 9 0.188333556 5 -6.43153815E-03 3 -1.29309855E-02 10 4.91213053E-03 11 5.37045188E-02 4 -1.58512662E-03 2 7.81923591E-04 8 -1.15595339E-03
 172 1 10 0.00000000E+00 7 0.537038267 6 0.265486389 9 0.126073539 5 -1.42701762E-02 11 7.98871890E-02 3 -8.10336042E-03 10 9.98970587E-03 2 3.04013118E-03 4 -2.91925644E-05 8 8.87525792E-04
 173 1 9 0.00000000E+00 7 0.713437557 6 8.54781196E-02 9 7.37792626E-02 11 0.110434860 5 -8.54681525E-03 3 -5.12750447E-03 10 1.53613640E-02 2 8.43356550E-03 4 6.74959319E-03
 178 1 9 0.00000000E+00 8 0.635250270 4 0.233226955 5 -1.81681830E-02 2 2.16563176E-02 9 7.19294930E-03 10 2.63254363E-02 3 1.31907500E-02 1 6.00257143E-02 6 2.12998055E-02
 179 1 9 0.00000000E+00 8 0.661610603 4 0.273747474 5 1.37499794E-02 2 9.44602129E-04 9 1.18446341E-02 10 1.17509943E-02 3 4.86796984E-04 6 5.10705775E-03 1 2.07578782E-02
 180 1 10 0.00000000E+00 8 0.520344853 4 0.325166643 5 9.43669751E-02 2 -1.36310030E-02 9 4.51827608E-02 10 3.72930318E-02 6 -4.12144000E-03 3 -7.05891754E-03 1 2.15448602E-03 7 3.02632572E-04
 181 1 11 0.00000000E+00 4 0.293778777 8 0.349266082 5 0.218830183 9 0.105027720 2 -1.55296754E-02 10 7.40728155E-02 6 -4.97952849E-03 3 -1.24202138E-02 1 -2.01266515E-03 7 -3.20348074E-03 11 -2.83000246E-03
 184 1 11 0.00000000E+00 9 0.504979074 5 0.288083225 6 0.122397333 10 4.36668284E-02 4 3.03171407E-02 3 -1.15104178E-02 8 5.21632433E-02 7 -9.23636835E-03 2 -1.32676540E-02 11 -8.11770279E-03 1 5.25317970E-04
 185 1 11 0.00000000E+00 9 0.619350672 6 0.223236546 5 0.137519166 10 -2.64747581E-03 7 1.69755463E-02 3 -9.51680634E-03 4 3.19334376E-03 8 1.08287614E-02 2 -6.76520774E-03 11 6.99498365E-03 1 8.30448058E-04
 186 1 10 0.00000000E+00 9 0.512943804 6 0.312620282 5 3.68094854E-02 7 0.101374015 10 4.76204138E-03 3 -1.52799608E-02 11 5.29854074E-02 4 -2.94904178E-03 2 -7.73558626E-04 8 -2.49249325E-03
 187 1 10 0.00000000E+00 6 0.297239274 9 0.349527508 7 0.241886660 5 -5.80388727E-03 10 2.30627749E-02 11 0.111867622 3 -1.66021641E-02 4 -1.93614233E-03 2 3.25521873E-03 8 -2.49683624E-03
 188 1 10 0.00000000E+00 7 0.396510035 6 0.200148210 9 0.222711891 11 0.169839785 5 -1.56752728E-02 10 2.92085223E-02 3 -1.27142854E-02 4 8.17076012E-04 2 7.04144221E-03 8 2.11258675E-03
 189 1 9 0.00000000E+00 7 0.501163781 6 9.96520966E-02 9 0.135815009 11 0.225714535 5 -1.25719495E-02 10 3.16424668E-02 3 -4.92099812E-03 4 1.00293672E-02 2 1.34756584E-02
 195 1 9 0.00000000E+00 8 1.00000000 4 0.00000000E+00 5 0.00000000E+00 10 0.00000000E+00 9 0.00000000E+00 2 0.00000000E+00 6 0.00000000E+00 3 0.00000000E+00 1 0.00000000E+00
 196 1 10 0.00000000E+00 8 0.688265085 4 0.116916560 5 7.12024570E-02 9 5.50069772E-02 10 7.91975036E-02 2 -9.60302260E-03 6 -3.03086592E-03 3 -3.24423914E-03 1 3.43511277E-03 7 1.85443030E-03
 197 1 11 0.00000000E+00 8 0.454475939 4 0.147729069 5 0.148558021 9 0.127504811 10 0.144060701 6 -4.00514388E-03 2 -1.39025291E-02 3 -7.63269281E-03 7 -4.56242997E-04 1 4.16130852E-03 11 -4.93234664E-04
 200 1 10 0.00000000E+00 9 0.643830419 10 0.136563957 5 0.134542838 6 2.24859156E-02 4 2.84877811E-02 8 6.57910481E-02 7 -9.51973069E-03 3 -7.60303717E-03 2 -7.42297247E-03 11 -7.15623237E-03
 201 1 10 0.00000000E+00 9 1.00000000 6 0.00000000E+00 10 0.00000000E+00 5 0.00000000E+00 7 0.00000000E+00 4 0.00000000E+00 11 0.00000000E+00 8 0.00000000E+00 3 0.00000000E+00 2 0.00000000E+00
 205 1 10 0.00000000E+00 7 0.339442730 11 0.352314681 9 0.166546956 6 7.94774890E-02 10 4.81726043E-02 5 -1.48947500E-02 3 -2.33211531E-03 4 5.44172712E-03 2 1.47578921E-02 8 1.10727828E-02
 211 1 9 0.00000000E+00 8 0.783566058 4 4.91939392E-03 10 0.105636984 5 9.90724843E-03 9 2.65519600E-02 2 5.56245446E-03 6 1.56675596E-02 3 1.51638389E-02 1 3.30245048E-02
 212 1 9 0.00000000E+00 8 0.653879642 4 3.87776233E-02 10 0.165096670 5 4.87293340E-02 9 6.10715970E-02 2 6.34471001E-03 6 -1.11712041E-04 3 8.51536170E-03 7 1.76967569E-02
 213 1 10 0.00000000E+00 8 0.463731200 10 0.242512494 4 6.68482110E-02 9 0.119644873 5 9.13384780E-02 6 -3.37448367E-03 2 -6.96125324E-04 3 2.49764323E-03 7 8.15686397E-03 11 9.34084412E-03
 214 1 10 0.00000000E+00 10 0.320267946 8 0.297321290 9 0.207570717 5 0.116342083 4 6.47486076E-02 6 -4.44311602E-03 2 -3.74537194E-03 3 -1.78913865E-03 7 2.15557427E-03 11 1.57139648E-03
 217 1 10 0.00000000E+00 9 0.644122839 10 0.269641519 6 -2.77302111E-03 5 4.63639532E-04 11 5.37659600E-02 7 1.61581729E-02 8 1.37301264E-02 4 4.21914505E-03 3 -1.15198619E-03 2 1.82361389E-03
 221 1 8 0.00000000E+00 11 0.498326331 7 0.213195920 9 0.159089446 6 5.12807444E-02 10 6.98943883E-02 5 -1.15207601E-02 3 6.00154791E-03 4 1.37323746E-02
 232 1 10 0.00000000E+00 10 0.647303998 9 0.263210267 5 2.25257333E-02 6 -7.84394797E-03 8 4.76954319E-02 11 1.59470774E-02 4 1.02385525E-02 7 1.99904456E-03 3 -8.61423148E-04 2 -2.14727697E-04
 237 1 7 0.00000000E+00 11 0.653743804 9 0.119117036 7 0.110875137 10 8.55808705E-02 6 2.68908944E-02 5 -4.37460421E-03 3 8.16687010E-03
 238 1 7 0.00000000E+00 11 0.762499273 7 0.113624118 9 5.58697246E-02 10 3.45146023E-02 6 1.54530797E-02 5 4.42488026E-03 3 1.36143174E-02
 243 1 7 0.00000000E+00 8 0.505563915 10 0.266741037 4 2.39362791E-02 9 4.54096422E-02 5 1.67559329E-02 2 7.73123503E-02 6 6.42808676E-02
 248 1 10 0.00000000E+00 10 1.00000000 9 0.00000000E+00 8 0.00000000E+00 11 0.00000000E+00 5 0.00000000E+00 6 0.00000000E+00 4 0.00000000E+00 7 0.00000000E+00 3 0.00000000E+00 2 0.00000000E+00
 253 1 6 0.00000000E+00 11 0.756846428 9 7.13392720E-02 10 0.105548486 7 4.49192487E-02 6 1.50001599E-02 5 6.34640828E-03
 254 1 6 0.00000000E+00 11 1.00000000 9 0.00000000E+00 10 0.00000000E+00 7 0.00000000E+00 6 0.00000000E+00 5 0.00000000E+00
 264 1 9 0.00000000E+00 10 0.790735662 9 1.71540235E-03 11 8.31917077E-02 8 5.21074273E-02 5 -1.23771199E-04 6 4.10029152E-03 4 1.65740065E-02 7 2.51940563E-02 3 2.65052263E-02
 280 1 8 0.00000000E+00 10 0.635298133 9 1.19861495E-03 11 0.144031927 8 8.84437487E-02 5 1.81339178E-02 6 2.14328021E-02 4 3.94130163E-02 7 5.20478114E-02
 296 1 7 0.00000000E+00 10 0.521669149 9 8.66488833E-03 11 0.199210688 8 0.116275206 5 2.79853921E-02 6 6.60885647E-02 4 6.01061359E-02
 358 1 1 0.00000000E+00 10 0.5216691248399871
 359 1 2 0.00000000E+00 10 0.555697978 11 0.444302022
 372 1 1 0.00000000E+00 10 0.5556979762789006
