points0.pts
zone0.inf
 16 28
 14
SY_QA0
SY_QA1
SY_QA2
SY_QA3
SY_QA4
SY_QA5
SY_QA6
SY_QA7
SY_QA8
SY_QA9
SY_QA10
SY_QA11
SY_QA12
SY_QA13
 2 1 4 0.00000000E+00 1 1.00000000 2 0.00000000E+00 3 0.00000000E+00 4 0.00000000E+00
 3 1 4 0.00000000E+00 1 0.485528797 2 0.462982088 3 1.21404706E-02 4 3.93486358E-02
 18 1 4 0.00000000E+00 1 0.477678359 2 0.427158743 3 7.93977007E-02 4 1.57651883E-02
 19 1 4 0.00000000E+00 2 1.00000000 1 0.00000000E+00 3 0.00000000E+00 4 0.00000000E+00
 35 1 4 0.00000000E+00 2 0.535026670 3 0.391086847 1 6.22199997E-02 4 1.16665084E-02
 36 1 5 0.00000000E+00 3 0.533135951 2 0.388966382 4 4.77290340E-02 1 6.68752333E-03 5 2.34810952E-02
 52 1 5 0.00000000E+00 3 1.00000000 4 0.00000000E+00 2 0.00000000E+00 1 0.00000000E+00 5 0.00000000E+00
 66 1 4 0.00000000E+00 3 0.405616134 4 0.239270374 2 0.160561025 1 0.194552466
 68 1 5 0.00000000E+00 3 0.460039884 4 0.462978661 2 8.84073693E-03 1 3.16005796E-02 5 3.65401432E-02
 69 1 5 0.00000000E+00 4 1.00000000 3 0.00000000E+00 2 0.00000000E+00 5 0.00000000E+00 1 0.00000000E+00
 81 1 5 0.00000000E+00 3 0.245263338 4 0.173239827 2 0.104593717 1 0.175974414 6 0.300928712
 85 1 6 0.00000000E+00 4 0.672927439 3 5.22585213E-02 5 0.165025786 2 -4.48735757E-03 6 9.95227545E-02 1 1.47528443E-02
 104 1 3 0.00000000E+00 5 1.00000000 4 0.00000000E+00 3 0.00000000E+00
 122 1 2 0.00000000E+00 5 0.785363615 4 0.214636371
 162 1 3 0.00000000E+00 6 0.800863743 7 0.156744078 8 4.23921570E-02
 163 1 3 0.00000000E+00 6 1.00000000 7 0.00000000E+00 8 0.00000000E+00
 179 1 3 0.00000000E+00 6 0.655891776 7 0.301496923 8 4.26113196E-02
 195 1 3 0.00000000E+00 7 0.620082915 6 0.327745497 8 5.21715507E-02
 211 1 3 0.00000000E+00 7 1.00000000 8 0.00000000E+00 6 0.00000000E+00
 212 1 4 0.00000000E+00 7 0.417201817 8 0.444631845 6 9.69398171E-02 9 4.12265323E-02
 227 1 3 0.00000000E+00 7 0.482204735 8 0.492158979 6 2.56362893E-02
 228 1 4 0.00000000E+00 8 1.00000000 7 0.00000000E+00 6 0.00000000E+00 9 0.00000000E+00
 229 1 5 0.00000000E+00 8 0.712930322 7 3.77310812E-02 9 0.153883025 6 6.21700175E-02 11 3.32855806E-02
 245 1 7 0.00000000E+00 8 0.648584306 7 4.87196259E-03 9 0.164734840 6 2.59967018E-02 11 2.18568686E-02 13 0.101019077 12 3.29362601E-02
 249 1 6 0.00000000E+00 9 1.00000000 11 0.00000000E+00 10 0.00000000E+00 12 0.00000000E+00 8 0.00000000E+00 13 0.00000000E+00
 251 1 4 0.00000000E+00 10 0.525798738 9 0.350821465 11 0.125591293 12 -2.21149204E-03
 267 1 5 0.00000000E+00 10 0.536029518 11 0.320758224 9 0.157910898 12 -1.19135687E-02 13 -2.78508710E-03
 268 1 4 0.00000000E+00 10 1.00000000 11 0.00000000E+00 9 0.00000000E+00 12 0.00000000E+00
 269 1 4 0.00000000E+00 10 0.836318016 11 1.22060142E-02 9 6.02651536E-02 12 9.12108198E-02
 270 1 4 0.00000000E+00 10 0.714644730 11 1.81076135E-02 9 0.109904915 12 0.157342777
 282 1 5 0.00000000E+00 11 1.00000000 9 0.00000000E+00 10 0.00000000E+00 12 0.00000000E+00 13 0.00000000E+00
 299 1 6 0.00000000E+00 11 0.448957413 10 0.277105212 12 0.256159812 9 -3.54981162E-02 13 -8.56515765E-03 14 6.18408099E-02
 311 1 7 0.00000000E+00 13 0.641721666 12 0.204578593 11 4.30144407E-02 14 -1.25409961E-02 9 6.38677329E-02 8 7.12055564E-02 10 -1.18469922E-02
 313 1 6 0.00000000E+00 12 1.00000000 11 0.00000000E+00 13 0.00000000E+00 9 0.00000000E+00 14 0.00000000E+00 10 0.00000000E+00
 314 1 6 0.00000000E+00 12 0.633743107 11 0.220394686 13 -2.00580549E-03 10 9.22201425E-02 9 -2.28587147E-02 14 7.85066038E-02
 315 1 6 0.00000000E+00 12 0.406677216 11 0.268094838 10 0.221675470 13 4.09926940E-03 9 -2.66889147E-02 14 0.126142129
 327 1 5 0.00000000E+00 13 1.00000000 12 0.00000000E+00 14 0.00000000E+00 11 0.00000000E+00 9 0.00000000E+00
 332 1 6 0.00000000E+00 12 0.306066245 11 0.146826252 10 0.272441685 13 3.54636051E-02 14 0.229963467 9 9.23874415E-03
 363 1 4 0.00000000E+00 14 0.465268314 12 0.272660226 13 7.91122168E-02 11 0.182959214
 376 1 3 0.00000000E+00 14 1.00000000 13 0.00000000E+00 12 0.00000000E+00
