points1.pts
zone1.inf
 76 136
 4
SS_UTB0
SS_UTB1
SS_UTB2
SS_UTB3
 6573 1 2 0.00000000E+00 1 1.00000000 2 0.00000000E+00
 6648 1 3 0.00000000E+00 1 0.888803422 2 0.102702178 3 8.49439390E-03
 6649 1 3 0.00000000E+00 1 0.917142451 2 7.66312331E-02 3 6.22632494E-03
 6723 1 3 0.00000000E+00 1 0.782500863 2 0.201178044 3 1.63210705E-02
 6724 1 3 0.00000000E+00 1 0.816518784 2 0.172483459 3 1.09977471E-02
 6799 1 3 0.00000000E+00 1 0.713093519 2 0.269963294 3 1.69431530E-02
 6874 1 3 0.00000000E+00 1 0.613637865 2 0.362579107 3 2.37830523E-02
 6875 1 3 0.00000000E+00 1 0.639473677 2 0.342733145 3 1.77932046E-02
 6950 1 3 0.00000000E+00 1 0.542129755 2 0.434731543 3 2.31387299E-02
 6951 1 3 0.00000000E+00 1 0.563893616 2 0.417765826 3 1.83405448E-02
 7026 1 3 0.00000000E+00 2 0.509506583 1 0.468375802 3 2.21175775E-02
 7027 1 3 0.00000000E+00 2 0.494298428 1 0.487328798 3 1.83727778E-02
 7102 1 3 0.00000000E+00 2 0.586413503 1 0.393079847 3 2.05066353E-02
 7178 1 3 0.00000000E+00 2 0.665240109 1 0.316588014 3 1.81718711E-02
 7254 1 4 0.00000000E+00 2 0.745231569 1 0.237208977 3 4.81865741E-03 4 1.27408123E-02
 7330 1 4 0.00000000E+00 2 0.828033626 3 3.56848352E-03 1 0.159137502 4 9.26039368E-03
 7331 1 4 0.00000000E+00 2 0.804501295 1 0.177575529 3 8.10390431E-03 4 9.81927756E-03
 7405 1 4 0.00000000E+00 2 0.875355184 3 2.89107207E-02 1 8.63127634E-02 4 9.42133553E-03
 7406 1 4 0.00000000E+00 2 0.912903547 3 1.97882042E-03 1 8.00984949E-02 4 5.01916325E-03
 7407 1 4 0.00000000E+00 2 0.871762455 3 1.60587393E-02 1 0.105159521 4 7.01927952E-03
 7482 1 4 0.00000000E+00 2 1.00000000 3 0.00000000E+00 1 0.00000000E+00 4 0.00000000E+00
 7483 1 4 0.00000000E+00 2 0.896942616 3 4.83853705E-02 1 4.93026413E-02 4 5.36937034E-03
 7559 1 4 0.00000000E+00 2 0.834402502 3 0.130914524 1 2.78677959E-02 4 6.81517646E-03
 7633 1 4 0.00000000E+00 2 0.723329067 3 0.260270864 4 7.86592253E-03 1 8.53414554E-03
 7634 1 4 0.00000000E+00 2 0.745437026 3 0.242131293 4 5.28770778E-03 1 7.14395754E-03
 7635 1 4 0.00000000E+00 2 0.729970276 3 0.237463236 1 2.28882525E-02 4 9.67822503E-03
 7709 1 4 0.00000000E+00 2 0.605423570 3 0.378056794 4 8.56030360E-03 1 7.95934349E-03
 7710 1 4 0.00000000E+00 2 0.621100008 3 0.362892240 4 6.90700579E-03 1 9.10075661E-03
 7711 1 4 0.00000000E+00 2 0.616709113 3 0.348889977 4 1.29387025E-02 1 2.14622039E-02
 7785 1 4 0.00000000E+00 3 0.498651654 2 0.485083967 4 8.55319947E-03 1 7.71117955E-03
 7786 1 4 0.00000000E+00 2 0.498513669 3 0.483386070 4 8.05013906E-03 1 1.00501301E-02
 7787 1 4 0.00000000E+00 2 0.502526641 3 0.459912568 4 1.68842748E-02 1 2.06764732E-02
 7861 1 4 0.00000000E+00 3 0.621160507 2 0.364099503 4 7.74219166E-03 1 6.99778413E-03
 7862 1 4 0.00000000E+00 3 0.603008509 2 0.377801567 4 9.14001372E-03 1 1.00499270E-02
 7937 1 4 0.00000000E+00 3 0.745453238 2 0.242930338 4 6.07492449E-03 1 5.54149598E-03
 7938 1 4 0.00000000E+00 3 0.719578326 2 0.259853065 4 1.13687189E-02 1 9.19986982E-03
 7939 1 4 0.00000000E+00 3 0.664779723 2 0.283715427 4 3.28027382E-02 1 1.87021233E-02
 8013 1 4 0.00000000E+00 3 0.871654749 2 0.121609114 4 3.50939389E-03 1 3.22673284E-03
 8014 1 4 0.00000000E+00 3 0.824430287 2 0.148666739 4 1.91128179E-02 1 7.79018831E-03
 8015 1 4 0.00000000E+00 3 0.740849555 2 0.188186646 4 5.33196740E-02 1 1.76441334E-02
 8089 1 3 0.00000000E+00 3 1.00000000 2 0.00000000E+00 4 0.00000000E+00
 8090 1 3 0.00000000E+00 3 0.879127204 2 6.78456128E-02 4 5.30271567E-02
 8165 1 3 0.00000000E+00 3 0.871869266 4 0.123982668 2 4.14804975E-03
 8166 1 3 0.00000000E+00 3 0.828618824 4 0.137419075 2 3.39621194E-02
 8241 1 3 0.00000000E+00 3 0.745821655 4 0.247006595 2 7.17173284E-03
 8242 1 3 0.00000000E+00 3 0.727879584 4 0.246603698 2 2.55167410E-02
 8243 1 3 0.00000000E+00 3 0.680265486 4 0.259264499 2 6.04700111E-02
 8244 1 3 0.00000000E+00 3 0.623454213 4 0.275663733 2 0.100882031
 8317 1 3 0.00000000E+00 3 0.621625781 4 0.369246989 2 9.12723783E-03
 8318 1 3 0.00000000E+00 3 0.616184354 4 0.360841602 2 2.29740497E-02
 8319 1 3 0.00000000E+00 3 0.591259539 4 0.359272003 2 4.94684801E-02
 8393 1 3 0.00000000E+00 3 0.499164313 4 0.490756243 2 1.00794453E-02
 8394 1 3 0.00000000E+00 3 0.502898633 4 0.475141585 2 2.19597667E-02
 8395 1 3 0.00000000E+00 3 0.494902909 4 0.461352676 2 4.37444411E-02
 8468 1 3 0.00000000E+00 4 0.627794445 3 0.363497287 2 8.70828610E-03
 8469 1 3 0.00000000E+00 4 0.611278355 3 0.378585964 2 1.01356683E-02
 8544 1 3 0.00000000E+00 4 0.750692070 3 0.242606252 2 6.70168595E-03
 8545 1 3 0.00000000E+00 4 0.729606688 3 0.260838270 2 9.55505576E-03
 8619 1 3 0.00000000E+00 4 0.854901731 3 0.132767290 2 1.23309502E-02
 8695 1 3 0.00000000E+00 4 0.933209121 3 5.16632348E-02 2 1.51276663E-02
 8696 1 3 0.00000000E+00 4 1.00000000 3 0.00000000E+00 2 0.00000000E+00
 8771 1 3 0.00000000E+00 4 0.949116647 3 2.30502244E-02 2 2.78331302E-02
 8772 1 3 0.00000000E+00 4 0.971823096 3 7.30413385E-03 2 2.08727736E-02
 8846 1 3 0.00000000E+00 4 0.905008078 3 3.98785062E-02 2 5.51134050E-02
 8847 1 3 0.00000000E+00 4 0.935123920 3 1.99099351E-02 2 4.49661687E-02
 8848 1 3 0.00000000E+00 4 0.945093393 3 1.41486702E-02 2 4.07579131E-02
 8924 1 3 0.00000000E+00 4 0.919719875 3 2.05893926E-02 2 5.96907400E-02
 8999 1 2 0.00000000E+00 4 0.906040072 3 9.39599127E-02
 9000 1 2 0.00000000E+00 4 0.908513129 3 9.14868936E-02
 9076 1 2 0.00000000E+00 4 0.888464451 3 0.111535527
 9077 1 2 0.00000000E+00 4 0.881158352 3 0.118841678
 9152 1 2 0.00000000E+00 4 0.869416595 3 0.130583405
