points0.pts
zone0.inf
 66 136
 17
HK_QA0
HK_QA1
HK_QA2
HK_QA3
HK_QA4
HK_QA5
HK_QA6
HK_QA7
HK_QA8
HK_QA9
HK_QA10
HK_QA11
HK_QA12
HK_QA13
HK_QA14
HK_QA15
HK_QA16
 75 1 6 0.00000000E+00 1 1.00000000 2 0.00000000E+00 3 0.00000000E+00 4 0.00000000E+00 5 0.00000000E+00 6 0.00000000E+00
 76 1 6 0.00000000E+00 1 0.884027958 2 0.112655506 3 -2.48608965E-04 4 -2.84774764E-03 5 3.69549100E-03 6 2.71739112E-03
 139 1 6 0.00000000E+00 1 0.858351409 2 1.42491348E-02 3 0.100708470 4 8.02931748E-03 5 -2.47111428E-03 6 2.11328138E-02
 140 1 6 0.00000000E+00 1 0.884102583 2 3.12018748E-02 3 7.49688596E-02 4 2.88979360E-03 5 -4.35713166E-03 6 1.11940233E-02
 141 1 6 0.00000000E+00 1 0.879622817 2 7.17524141E-02 3 5.10382243E-02 4 -1.50111876E-03 5 -4.79771197E-03 6 3.88536765E-03
 142 1 6 0.00000000E+00 1 0.809682906 2 0.158653051 3 3.70853506E-02 4 -4.87250695E-03 5 -2.73567787E-03 6 2.18689977E-03
 143 1 6 0.00000000E+00 1 0.711329281 2 0.266337425 3 2.50239857E-02 4 -7.03134295E-03 5 1.14654575E-03 6 3.19410791E-03
 144 1 6 0.00000000E+00 1 0.611928642 2 0.374606311 3 9.95187089E-03 4 -7.82747101E-03 5 6.53168466E-03 6 4.80897725E-03
 145 1 6 0.00000000E+00 1 0.519448340 2 0.474732161 3 -7.31080398E-03 4 -7.15823239E-03 5 1.37529839E-02 6 6.53554173E-03
 204 1 6 0.00000000E+00 1 0.771166027 2 2.21698489E-02 3 0.164347515 4 1.48218507E-02 5 -4.92738839E-03 6 3.24221253E-02
 205 1 6 0.00000000E+00 1 0.786407053 2 4.28068489E-02 3 0.147133604 4 8.42736661E-03 5 -7.41368020E-03 6 2.26388182E-02
 206 1 6 0.00000000E+00 1 0.789382219 2 7.61674792E-02 3 0.127111703 4 2.51143309E-03 5 -9.06383991E-03 6 1.38910012E-02
 207 1 6 0.00000000E+00 1 0.765978277 2 0.131858498 3 0.106751733 4 -2.59699090E-03 5 -9.42173507E-03 6 7.43021397E-03
 208 1 6 0.00000000E+00 1 0.706964135 2 0.215910435 3 8.76875222E-02 4 -6.57049287E-03 5 -8.11395142E-03 6 4.12233500E-03
 209 1 6 0.00000000E+00 1 0.623171151 2 0.320434004 3 6.75114840E-02 4 -9.13246628E-03 5 -5.19565400E-03 6 3.21150059E-03
 210 1 6 0.00000000E+00 1 0.530707061 2 0.432809711 3 4.37373072E-02 4 -1.00816460E-02 5 -7.04265025E-04 6 3.53181595E-03
 211 1 6 0.00000000E+00 2 0.541973650 1 0.440147936 3 1.70311984E-02 4 -9.29079391E-03 5 5.73634170E-03 6 4.40163864E-03
 269 1 6 0.00000000E+00 1 0.696455836 2 2.09785551E-02 3 0.220277801 4 2.43626703E-02 5 -6.39184611E-03 6 4.43169847E-02
 270 1 6 0.00000000E+00 1 0.704901457 2 4.08248119E-02 3 0.212135255 4 1.69910956E-02 5 -9.37931985E-03 6 3.45267206E-02
 271 1 6 0.00000000E+00 1 0.705780864 2 7.03191161E-02 3 0.200671092 4 9.70888883E-03 5 -1.17328139E-02 6 2.52528638E-02
 272 1 6 0.00000000E+00 1 0.693191767 2 0.114135653 3 0.185970575 4 2.86842068E-03 5 -1.32360263E-02 6 1.70695875E-02
 273 1 6 0.00000000E+00 1 0.660115123 2 0.177654594 3 0.168323919 4 -3.11399507E-03 5 -1.36369057E-02 6 1.06572863E-02
 274 1 6 0.00000000E+00 1 0.603328049 2 0.263550401 3 0.147288263 4 -7.80620938E-03 5 -1.27603402E-02 6 6.39985222E-03
 275 1 6 0.00000000E+00 1 0.527213514 2 0.368952841 3 0.121166721 4 -1.08298697E-02 5 -1.05764326E-02 6 4.07324173E-03
 276 1 6 0.00000000E+00 2 0.487083584 1 0.440313697 3 8.84380117E-02 4 -1.19285248E-02 5 -7.03899423E-03 6 3.13221826E-03
 277 1 6 0.00000000E+00 2 0.608648896 1 0.351164609 3 4.98809032E-02 4 -1.09843193E-02 5 -1.77972985E-03 6 3.06966063E-03
 278 1 6 0.00000000E+00 2 0.718639433 1 0.268836737 3 1.06706098E-02 4 -7.91621301E-03 5 6.34106155E-03 6 3.42836208E-03
 335 1 6 0.00000000E+00 1 0.637371242 3 0.266212851 2 3.12045310E-02 4 2.86768209E-02 5 -1.04719689E-02 6 4.70064990E-02
 336 1 6 0.00000000E+00 1 0.635573268 2 5.55526949E-02 3 0.264342695 4 2.04597004E-02 5 -1.33490143E-02 6 3.74206714E-02
 337 1 6 0.00000000E+00 1 0.625176370 2 9.04507935E-02 3 0.259366095 4 1.21688778E-02 5 -1.55399367E-02 6 2.83777900E-02
 338 1 6 0.00000000E+00 1 0.602246583 2 0.139576137 3 0.250531405 4 4.22754744E-03 5 -1.68811698E-02 6 2.02994626E-02
 339 1 6 0.00000000E+00 1 0.563108385 2 0.206565470 3 0.236767098 4 -2.82592326E-03 5 -1.72186829E-02 6 1.36036705E-02
 340 1 6 0.00000000E+00 1 0.506382763 2 0.293554723 3 0.216382012 4 -8.39302503E-03 5 -1.64621174E-02 6 8.53563100E-03
 341 1 6 0.00000000E+00 2 0.400162727 1 0.434164494 3 0.187144369 4 -1.19267721E-02 5 -1.46117304E-02 6 5.06691588E-03
 342 1 6 0.00000000E+00 2 0.523771346 1 0.350926042 3 0.147106782 4 -1.30780926E-02 5 -1.17068170E-02 6 2.98074749E-03
 343 1 6 0.00000000E+00 2 0.659611821 1 0.261891544 3 9.59509164E-02 4 -1.18015213E-02 5 -7.66498968E-03 6 2.01224606E-03
 344 1 6 0.00000000E+00 2 0.796398759 1 0.174059764 3 3.76627892E-02 4 -8.24433472E-03 5 -1.71228731E-03 6 1.83530350E-03
 345 1 6 0.00000000E+00 2 0.892187774 1 0.106469102 3 -8.61947145E-03 4 -1.91185717E-03 5 1.02766333E-02 6 1.59783009E-03
 346 1 6 0.00000000E+00 2 0.889613092 1 8.39851052E-02 3 -1.59415454E-02 4 8.04045610E-03 5 3.41097079E-02 6 1.93179236E-04
 401 1 6 0.00000000E+00 1 0.577712834 3 0.314060181 2 3.72812375E-02 4 3.47085707E-02 5 -1.41794570E-02 6 5.04166186E-02
 402 1 6 0.00000000E+00 1 0.567487955 3 0.319260240 2 6.36558458E-02 4 2.56248098E-02 5 -1.69035625E-02 6 4.08747345E-02
 403 1 6 0.00000000E+00 1 0.548685312 3 0.321766943 2 0.100406826 4 1.62124783E-02 5 -1.88783295E-02 6 3.18067558E-02
 404 1 6 0.00000000E+00 1 0.518784881 2 0.150491387 3 0.320193022 4 6.96229888E-03 5 -1.99598707E-02 6 2.35282667E-02
 405 1 6 0.00000000E+00 1 0.475798100 2 0.216804922 3 0.312514752 4 -1.43087492E-03 5 -2.00221557E-02 6 1.63352657E-02
 406 1 6 0.00000000E+00 2 0.301519901 1 0.419161797 3 0.295991898 4 -8.11263267E-03 5 -1.89882610E-02 6 1.04273111E-02
 407 1 6 0.00000000E+00 2 0.405616164 1 0.350123912 3 0.267474145 4 -1.22265229E-02 5 -1.68555714E-02 6 5.86787052E-03
 408 1 6 0.00000000E+00 2 0.528879941 1 0.271199733 3 0.224194705 4 -1.31880650E-02 5 -1.37018478E-02 6 2.61554867E-03
 409 1 6 0.00000000E+00 2 0.670196891 3 0.164705619 1 0.185154021 4 -1.09677296E-02 5 -9.68093891E-03 6 5.92135766E-04
 410 1 6 0.00000000E+00 2 0.827881515 3 8.93520489E-02 1 9.42481458E-02 4 -6.19703718E-03 5 -5.01705240E-03 6 -2.67646887E-04
 411 1 6 0.00000000E+00 2 1.00000000 3 0.00000000E+00 1 0.00000000E+00 4 0.00000000E+00 5 0.00000000E+00 6 0.00000000E+00
 468 1 6 0.00000000E+00 1 0.503161550 3 0.374958605 2 6.41626790E-02 4 3.30047049E-02 5 -2.01093946E-02 6 4.48218472E-02
 469 1 6 0.00000000E+00 1 0.478248060 3 0.386097699 2 9.95320380E-02 4 2.24018991E-02 5 -2.18037013E-02 6 3.55240330E-02
 470 1 6 0.00000000E+00 1 0.443697304 3 0.393649250 2 0.146714032 4 1.16146784E-02 5 -2.25023199E-02 6 2.68270392E-02
 471 1 6 0.00000000E+00 3 0.394906849 1 0.398527503 2 0.208148465 4 1.50564732E-03 5 -2.20531188E-02 6 1.89646501E-02
 472 1 6 0.00000000E+00 2 0.285988688 3 0.386127323 1 0.342794448 4 -6.70575909E-03 5 -2.03235876E-02 6 1.21188965E-02
 473 1 6 0.00000000E+00 2 0.381660074 3 0.362999886 1 0.277768254 4 -1.16163632E-02 5 -1.72094461E-02 6 6.39760308E-03
 474 1 6 0.00000000E+00 2 0.495177209 3 0.321997613 1 0.205708265 4 -1.20998751E-02 5 -1.26208263E-02 6 1.83762261E-03
 475 1 6 0.00000000E+00 2 0.623697937 3 0.262481838 1 0.129675940 4 -7.88396876E-03 5 -6.38369052E-03 6 -1.58804352E-03
 476 1 6 0.00000000E+00 2 0.756466389 3 0.189793140 1 5.51528186E-02 4 3.31367017E-04 5 2.30003963E-03 6 -4.04374348E-03
 477 1 7 0.00000000E+00 2 0.850778162 3 0.125476837 1 -9.41340695E-05 4 1.20259561E-02 5 1.64948814E-02 6 -6.93170726E-03 7 2.25002412E-03
 535 1 6 0.00000000E+00 3 0.449779302 1 0.414768130 2 8.87298360E-02 4 3.15191187E-02 5 -2.44157836E-02 6 3.96194123E-02
 536 1 6 0.00000000E+00 3 0.468349457 1 0.377219468 2 0.129718110 4 1.90090481E-02 5 -2.46349610E-02 6 3.03388909E-02
 537 1 6 0.00000000E+00 3 0.481669426 2 0.182399929 1 0.331069171 4 6.69432478E-03 5 -2.34941132E-02 6 2.16612592E-02
 538 1 6 0.00000000E+00 3 0.484988958 2 0.248806462 1 0.276969522 4 -3.76998796E-03 5 -2.07568873E-02 6 1.37619423E-02
 539 1 6 0.00000000E+00 3 0.472183317 2 0.330559582 1 0.216715828 4 -1.00836074E-02 5 -1.61479097E-02 6 6.77278545E-03
 540 1 6 0.00000000E+00 2 0.427463800 3 0.437905997 1 0.153194740 4 -1.00224931E-02 5 -9.31217521E-03 6 7.70130311E-04
 541 1 6 0.00000000E+00 2 0.534500241 3 0.381802946 1 9.04164314E-02 4 -2.79086805E-03 5 3.23001237E-04 6 -4.25172225E-03
 542 1 7 0.00000000E+00 2 0.637350023 3 0.312279314 1 3.47738788E-02 4 1.03093125E-02 5 1.42872138E-02 6 -8.22840258E-03 7 -7.71354418E-04
 543 1 7 0.00000000E+00 2 0.709356129 3 0.245803908 1 -4.73814877E-03 4 2.70342790E-02 5 3.18587460E-02 6 -1.33320801E-02 7 4.01716819E-03
 544 1 7 0.00000000E+00 2 0.731902778 3 0.196049184 1 -2.11214814E-02 4 4.48804945E-02 5 5.52336276E-02 6 -1.92210786E-02 7 1.22764558E-02
 601 1 6 0.00000000E+00 3 0.509194374 1 0.358624458 2 7.01588467E-02 4 4.46224026E-02 5 -2.68531051E-02 6 4.42530178E-02
 602 1 6 0.00000000E+00 3 0.540098846 2 0.102517731 1 0.319259763 4 3.04179061E-02 5 -2.65595913E-02 6 3.42653431E-02
 603 1 6 0.00000000E+00 3 0.568347812 2 0.143391311 1 0.272853404 4 1.54137406E-02 5 -2.46589780E-02 6 2.46527251E-02
 604 1 6 0.00000000E+00 3 0.588483155 2 0.194617972 1 0.220539957 4 1.56651461E-03 5 -2.07998101E-02 6 1.55922081E-02
 605 1 6 0.00000000E+00 3 0.591483891 2 0.258532584 1 0.164802641 4 -7.53102219E-03 5 -1.45290038E-02 6 7.24094501E-03
 606 1 6 0.00000000E+00 3 0.566904604 2 0.336560756 1 0.109446600 4 -7.36901723E-03 5 -5.26119070E-03 6 -2.81729910E-04
 607 1 7 0.00000000E+00 3 0.511532307 2 0.424976438 1 5.90459369E-02 4 4.05871589E-03 5 8.45209230E-03 6 -6.45615673E-03 7 -1.60935393E-03
 608 1 7 0.00000000E+00 2 0.510563612 3 0.435804605 1 1.70112830E-02 4 2.38788836E-02 5 2.50606649E-02 6 -1.28243323E-02 7 5.05279226E-04
 609 1 7 0.00000000E+00 2 0.576313615 3 0.357174039 1 -1.23033877E-02 4 4.68016751E-02 5 4.59389538E-02 6 -1.91629995E-02 7 5.23808878E-03
 610 1 7 0.00000000E+00 2 0.611658871 3 0.288357526 4 6.86123297E-02 1 -2.69694272E-02 5 7.11577609E-02 6 -2.55439226E-02 7 1.27268834E-02
 668 1 6 0.00000000E+00 3 0.602820516 2 6.94308802E-02 1 0.269679844 4 4.77126949E-02 5 -2.85045300E-02 6 3.88606079E-02
 669 1 6 0.00000000E+00 3 0.647466898 2 9.67888385E-02 1 0.223422408 4 2.99997218E-02 5 -2.58976966E-02 6 2.82198470E-02
 670 1 6 0.00000000E+00 3 0.688990414 2 0.130191803 1 0.172460601 4 1.14585925E-02 5 -2.10069492E-02 6 1.79055445E-02
 671 1 6 0.00000000E+00 3 0.715567112 2 0.172967240 1 0.119789548 4 -3.19928396E-03 5 -1.32355811E-02 6 8.11098143E-03
 672 1 7 0.00000000E+00 3 0.704950273 2 0.231691375 1 7.08443895E-02 4 -4.55866335E-03 5 -1.48528384E-03 6 -8.03125731E-04 7 -6.38971571E-04
 673 1 7 0.00000000E+00 3 0.643319309 2 0.307774901 4 1.35735711E-02 1 3.05756144E-02 5 1.45403836E-02 6 -9.00526345E-03 7 -7.78498477E-04
 674 1 7 0.00000000E+00 3 0.550290167 2 0.387311727 4 4.34625484E-02 1 -6.57856945E-05 5 3.44914310E-02 6 -1.68803092E-02 7 1.39018055E-03
 675 1 7 0.00000000E+00 3 0.453053594 2 0.453577608 4 7.43300617E-02 1 -2.10477300E-02 5 5.85296340E-02 6 -2.43534632E-02 7 5.91030112E-03
 735 1 6 0.00000000E+00 3 0.707758367 2 4.99001294E-02 1 0.182860568 4 5.42869866E-02 5 -2.74997205E-02 6 3.26936878E-02
 736 1 6 0.00000000E+00 3 0.771664381 2 6.50733933E-02 4 3.11423950E-02 1 0.132873848 5 -2.17982121E-02 6 2.10442059E-02
 737 1 7 0.00000000E+00 3 0.832577646 2 8.26829448E-02 4 6.72677951E-03 1 8.05217475E-02 5 -1.41192516E-02 6 8.97511467E-03 7 2.63502705E-03
 738 1 7 0.00000000E+00 3 0.849656463 2 0.118384093 4 -1.94118626E-03 1 3.47392038E-02 5 2.61707726E-04 6 -9.75579547E-04 7 -1.24684680E-04
 739 1 7 0.00000000E+00 3 0.765025079 2 0.192436665 4 2.98137125E-02 1 4.82749101E-03 5 1.89956557E-02 6 -1.08479168E-02 7 -2.50673504E-04
 740 1 7 0.00000000E+00 3 0.641167581 2 0.275211722 4 7.49788508E-02 1 -1.51160257E-02 5 4.20838259E-02 6 -2.02210061E-02 7 1.89507264E-03
 741 1 7 0.00000000E+00 3 0.523080230 2 0.344840288 4 0.114321508 1 -2.89057139E-02 5 6.93605244E-02 6 -2.87974365E-02 7 6.10058894E-03
 742 1 7 0.00000000E+00 3 0.421086222 2 0.395532310 4 0.143655300 1 -3.66370864E-02 5 0.100417890 6 -3.64679843E-02 7 1.24133546E-02
 743 1 7 0.00000000E+00 3 0.336754233 2 0.427325100 4 0.162568182 5 0.134347603 1 -3.86416949E-02 6 -4.32009101E-02 7 2.08475012E-02
 803 1 7 0.00000000E+00 3 0.898241699 2 9.60547570E-03 4 4.01895866E-02 1 5.21854647E-02 5 -1.54601773E-02 6 1.13426568E-02 7 3.89527646E-03
 804 1 7 0.00000000E+00 3 1.00000000 2 0.00000000E+00 4 0.00000000E+00 1 0.00000000E+00 5 0.00000000E+00 6 0.00000000E+00 7 0.00000000E+00
 805 1 7 0.00000000E+00 3 0.832453310 2 9.92634222E-02 4 7.13415295E-02 1 -1.30340056E-02 5 2.14764941E-02 6 -1.18321422E-02 7 3.31395218E-04
 806 1 7 0.00000000E+00 3 0.683688045 2 0.184943452 4 0.129135907 1 -2.47633383E-02 5 4.74663302E-02 6 -2.27097943E-02 7 2.23936979E-03
 807 1 7 0.00000000E+00 3 0.554905653 2 0.254754126 4 0.172387704 5 7.80614913E-02 1 -3.36940140E-02 6 -3.23414654E-02 7 5.92646655E-03
 808 1 7 0.00000000E+00 3 0.446292609 2 0.307738721 4 0.201065987 5 0.112848006 1 -3.88976447E-02 6 -4.06056233E-02 7 1.15579627E-02
 809 1 7 0.00000000E+00 3 0.356822371 2 0.344585657 4 0.216242746 5 0.150831565 6 -4.75614928E-02 1 -4.01678421E-02 7 1.92470010E-02
 810 1 7 0.00000000E+00 3 0.284463704 2 0.367343098 4 0.219919607 5 0.190517485 6 -5.33858836E-02 1 -3.79148386E-02 7 2.90568508E-02
 811 1 7 0.00000000E+00 3 0.226655141 2 0.378747016 4 0.214632049 5 0.230108559 6 -5.82677349E-02 1 -3.28876898E-02 7 4.10126634E-02
 871 1 7 0.00000000E+00 3 0.785126686 4 0.163948506 2 5.44066727E-02 1 -1.50457621E-02 5 2.18138602E-02 6 -1.18277250E-02 7 1.57773320E-03
 872 1 7 0.00000000E+00 3 0.661208093 4 0.213283822 2 0.123482257 5 5.01487218E-02 1 -2.66058184E-02 6 -2.41356045E-02 7 2.61852611E-03
 873 1 7 0.00000000E+00 3 0.542322636 4 0.251552761 2 0.185510933 5 8.40767100E-02 6 -3.47451083E-02 1 -3.41950580E-02 7 5.47709642E-03
 874 1 7 0.00000000E+00 3 0.438666582 4 0.274144173 2 0.235747829 5 0.123114794 6 -4.34395000E-02 1 -3.84829901E-02 7 1.02491155E-02
 875 1 7 0.00000000E+00 3 0.352023989 4 0.281351984 2 0.273461431 5 0.166085735 6 -5.04089408E-02 1 -3.96006331E-02 7 1.70864109E-02
 876 1 7 0.00000000E+00 3 0.281406164 4 0.275681138 2 0.299539655 5 0.211169884 6 -5.60861342E-02 1 -3.78472582E-02 7 2.61365566E-02
 938 1 7 0.00000000E+00 3 0.590177953 4 0.320534319 2 8.39132965E-02 5 4.93146442E-02 6 -2.40959879E-02 1 -2.27874685E-02 7 2.94326432E-03
 939 1 7 0.00000000E+00 3 0.491452932 4 0.349596769 2 0.134238288 5 8.65861326E-02 6 -3.56489867E-02 1 -3.09822541E-02 7 4.75710584E-03
 940 1 7 0.00000000E+00 3 0.401012242 4 0.361802638 2 0.178272277 5 0.130466938 6 -4.44782190E-02 1 -3.55634391E-02 7 8.48755985E-03
 941 1 7 0.00000000E+00 3 0.323834538 4 0.356737196 2 0.213737816 5 0.179527506 6 -5.10396026E-02 1 -3.71199436E-02 7 1.43225016E-02
 942 1 7 0.00000000E+00 4 0.337729812 3 0.260360897 2 0.240313679 5 0.231421933 6 -5.62430657E-02 1 -3.60726416E-02 7 2.24893689E-02
 943 1 7 0.00000000E+00 4 0.309449315 3 0.209114105 5 0.283274740 2 0.258703470 6 -6.08968474E-02 1 -3.28589007E-02 7 3.32141072E-02
 1004 1 7 0.00000000E+00 3 0.495021135 4 0.440478802 2 5.60217910E-02 5 4.39877883E-02 6 -2.20511481E-02 1 -1.65499654E-02 7 3.09160515E-03
 1005 1 7 0.00000000E+00 4 0.461746126 3 0.414548039 2 9.55748111E-02 5 8.45049396E-02 6 -3.45891379E-02 1 -2.55416799E-02 7 3.75691848E-03
 1006 1 7 0.00000000E+00 4 0.461196214 3 0.340020269 2 0.132445946 5 0.133916855 6 -4.30120155E-02 1 -3.08547262E-02 7 6.28747139E-03
 1007 1 7 0.00000000E+00 4 0.439664364 3 0.276448101 5 0.190442130 2 0.164029419 6 -4.83637713E-02 1 -3.31624262E-02 7 1.09422049E-02
 1008 1 7 0.00000000E+00 4 0.403026432 3 0.224257365 5 0.250895560 2 0.189254120 6 -5.25234714E-02 1 -3.29611786E-02 7 1.80511791E-02
 1009 1 7 0.00000000E+00 4 0.358158350 3 0.181977555 5 0.311456233 2 0.208085462 6 -5.69525175E-02 1 -3.06889880E-02 7 2.79639307E-02
 1010 1 7 0.00000000E+00 4 0.310687661 5 0.368234187 3 0.147814408 6 -6.20932057E-02 2 0.221125916 1 -2.67664883E-02 7 4.09975015E-02
 1070 1 7 0.00000000E+00 4 0.566954970 3 0.389476091 5 3.32263634E-02 2 3.41824964E-02 6 -1.72999538E-02 1 -9.63987317E-03 7 3.09993047E-03
 1071 1 7 0.00000000E+00 4 0.584206998 3 0.321849227 5 7.64990225E-02 6 -3.10303383E-02 2 6.50589988E-02 1 -1.91299021E-02 7 2.54600006E-03
 1072 1 7 0.00000000E+00 4 0.568865836 3 0.262984484 5 0.132258072 6 -3.79785784E-02 2 9.52997282E-02 1 -2.51510758E-02 7 3.72152962E-03
 1073 1 7 0.00000000E+00 4 0.525728941 3 0.215514287 5 0.198030248 6 -4.05838341E-02 2 0.122579731 1 -2.82556713E-02 7 6.98627811E-03
 1074 1 7 0.00000000E+00 4 0.466657966 3 0.177578732 5 0.269179106 6 -4.27931510E-02 2 0.145486429 1 -2.89183166E-02 7 1.28092319E-02
 1075 1 7 0.00000000E+00 4 0.402010918 5 0.340638638 3 0.146763906 6 -4.70785722E-02 2 0.163532779 1 -2.75614578E-02 7 2.16937810E-02
 1136 1 7 0.00000000E+00 4 0.695355058 3 0.280562490 5 1.63888056E-02 6 -8.61181505E-03 2 1.59606803E-02 1 -2.78200046E-03 7 3.12676816E-03
 1137 1 7 0.00000000E+00 4 0.714994252 3 0.219731301 5 6.09775521E-02 6 -2.43999250E-02 2 3.98976170E-02 1 -1.25049641E-02 7 1.30417570E-03
 1138 1 7 0.00000000E+00 4 0.680346727 3 0.176468357 5 0.124260530 6 -2.75412854E-02 2 6.45826384E-02 1 -1.90673620E-02 7 9.50372778E-04
 1139 1 7 0.00000000E+00 4 0.607486367 3 0.147732019 5 0.201670930 6 -2.44742930E-02 2 8.78833756E-02 1 -2.28718091E-02 7 2.57338444E-03
 1140 1 7 0.00000000E+00 4 0.520991087 5 0.285852283 3 0.126111209 6 -2.35819370E-02 2 0.108120635 1 -2.43247095E-02 7 6.83142198E-03
 1141 1 7 0.00000000E+00 4 0.434623837 5 0.370585173 6 -2.83479076E-02 3 0.107944712 2 0.124599747 1 -2.38043610E-02 7 1.43987881E-02
 1142 1 7 0.00000000E+00 4 0.354744375 5 0.449854821 6 -3.83032411E-02 3 9.20296833E-02 2 0.137383848 7 2.59667411E-02 1 -2.16762312E-02
 1203 1 7 0.00000000E+00 4 0.853494883 3 0.111789145 5 3.61173078E-02 6 -1.41629493E-02 2 1.85038578E-02 1 -6.06520148E-03 7 3.22963402E-04
 1204 1 7 0.00000000E+00 4 0.784729302 3 8.84315446E-02 5 0.109859690 6 -7.24777952E-03 2 3.90172750E-02 1 -1.29963262E-02 7 -1.79373426E-03
 1205 1 7 0.00000000E+00 4 0.670390904 5 0.201690450 6 6.14577206E-03 3 8.21723789E-02 2 5.90546541E-02 1 -1.73638575E-02 7 -2.09031976E-03
 1206 1 7 0.00000000E+00 4 0.554810345 5 0.300370574 6 1.04938848E-02 3 7.69645199E-02 2 7.65429288E-02 1 -1.94982812E-02 7 3.16012942E-04
 1207 1 7 0.00000000E+00 4 0.448339403 5 0.400362045 6 3.31241242E-03 3 7.05759898E-02 2 9.08973590E-02 7 6.21747645E-03 1 -1.97046958E-02
 1208 1 7 0.00000000E+00 5 0.495091617 4 0.354247987 6 -1.31283058E-02 3 6.33118153E-02 2 0.102252640 7 1.65340677E-02 1 -1.83098447E-02
 1209 1 7 0.00000000E+00 5 0.575846553 4 0.274157882 6 -3.36259790E-02 3 5.57798818E-02 2 0.111211918 7 3.22983488E-02 1 -1.56686362E-02
 1263 1 7 0.00000000E+00 4 0.487674564 3 0.356102675 6 0.155777723 5 -7.82405287E-02 2 -5.03259897E-02 1 9.20419246E-02 7 3.69696580E-02
 1268 1 7 0.00000000E+00 4 0.882719815 3 9.30329338E-02 6 4.58384492E-02 5 -2.39866767E-02 2 -1.14275515E-02 1 9.93545260E-03 7 3.88755463E-03
 1269 1 7 0.00000000E+00 4 1.00000000 6 0.00000000E+00 3 0.00000000E+00 5 0.00000000E+00 2 0.00000000E+00 1 0.00000000E+00 7 0.00000000E+00
 1270 1 7 0.00000000E+00 4 0.837587833 5 9.62223858E-02 6 3.88469435E-02 3 1.99444890E-02 2 1.88991278E-02 1 -7.11478619E-03 7 -4.38597798E-03
 1271 1 7 0.00000000E+00 4 0.689303637 5 0.200003192 6 6.16344102E-02 3 3.17608975E-02 2 3.59579921E-02 1 -1.19609684E-02 7 -6.69916160E-03
 1272 1 7 0.00000000E+00 4 0.555386603 5 0.311151028 6 6.63666502E-02 3 3.76166515E-02 2 5.04888035E-02 7 -6.31779572E-03 1 -1.46919461E-02
 1273 1 7 0.00000000E+00 4 0.436338842 5 0.427075922 6 5.29884957E-02 3 3.93276773E-02 2 6.22127466E-02 7 -2.43041199E-03 1 -1.55132823E-02
 1274 1 7 0.00000000E+00 5 0.540917754 4 0.332959920 6 2.50327997E-02 3 3.83358076E-02 2 7.13726953E-02 7 6.08646357E-03 1 -1.47054633E-02
 1275 1 7 0.00000000E+00 5 0.640048325 4 0.246476382 6 -9.25505720E-03 3 3.57537791E-02 2 7.87948444E-02 7 2.08210256E-02 1 -1.26393000E-02
 1276 1 7 0.00000000E+00 5 0.708474994 6 -3.85691300E-02 4 0.178208247 3 3.24150249E-02 2 8.56717452E-02 7 4.35359888E-02 1 -9.73685738E-03
 1327 1 7 0.00000000E+00 4 0.415240139 3 0.335818350 6 0.199476838 5 -8.70260000E-02 2 -5.15833870E-02 1 0.129720733 7 5.83533123E-02
 1328 1 7 0.00000000E+00 4 0.455581099 3 0.324314326 6 0.196549147 5 -8.61104205E-02 2 -5.11731245E-02 1 0.110908836 7 4.99301590E-02
 1329 1 7 0.00000000E+00 4 0.502409458 3 0.305034161 6 0.191970438 5 -8.37938786E-02 2 -4.95146923E-02 1 9.22730416E-02 7 4.16214764E-02
 1330 1 7 0.00000000E+00 4 0.556581020 3 0.276461929 6 0.185243130 5 -7.96525255E-02 2 -4.63664830E-02 1 7.42388442E-02 7 3.34941037E-02
 1335 1 7 0.00000000E+00 4 0.861578941 6 0.115954176 5 1.65024363E-02 3 8.91599990E-03 2 -7.75922695E-03 1 6.07154798E-03 7 -1.26384699E-03
 1336 1 7 0.00000000E+00 4 0.777736068 6 0.132199228 5 9.42843333E-02 3 -1.48905721E-03 2 5.41996025E-03 1 -1.45637745E-03 7 -6.69414178E-03
 1337 1 7 0.00000000E+00 4 0.647742629 5 0.195915818 6 0.149918377 3 5.34409750E-03 2 1.85930468E-02 7 -1.06961979E-02 1 -6.81777205E-03
 1338 1 7 0.00000000E+00 4 0.516925037 5 0.313277483 6 0.149945214 3 1.24166599E-02 2 2.98487656E-02 7 -1.22962464E-02 1 -1.01169031E-02
 1339 1 7 0.00000000E+00 5 0.443724722 4 0.396424472 6 0.126417607 3 1.69595052E-02 2 3.85558195E-02 7 -1.06160939E-02 1 -1.14660244E-02
 1340 1 7 0.00000000E+00 5 0.580831528 4 0.290077686 6 8.08165446E-02 3 1.90715194E-02 2 4.48085107E-02 7 -4.52281721E-03 1 -1.10829836E-02
 1341 1 7 0.00000000E+00 5 0.707697690 6 2.38644145E-02 4 0.200705618 3 1.94054451E-02 2 4.96284254E-02 7 8.06361623E-03 1 -9.36520007E-03
 1342 1 7 0.00000000E+00 5 0.793126762 6 -2.33348198E-02 4 0.132373586 3 1.87035687E-02 2 5.51714413E-02 7 3.08641270E-02 1 -6.90465095E-03
 1343 1 7 0.00000000E+00 5 0.814636707 6 -4.41282280E-02 4 8.69529620E-02 3 1.75570045E-02 7 6.61230311E-02 2 6.30609170E-02 1 -4.20237239E-03
 1392 1 6 0.00000000E+00 4 0.386034101 3 0.308794320 6 0.248530403 5 -5.72547093E-02 2 -4.22572903E-02 1 0.156153187
 1393 1 7 0.00000000E+00 4 0.420898885 3 0.298259884 6 0.229856491 5 -9.06619206E-02 2 -4.98663560E-02 1 0.127597049 7 6.39159456E-02
 1394 1 7 0.00000000E+00 4 0.458915085 3 0.283845246 6 0.231247693 5 -9.02235806E-02 2 -4.95165922E-02 1 0.110284366 7 5.54477908E-02
 1395 1 7 0.00000000E+00 4 0.501806736 3 0.262606889 6 0.231928572 5 -8.83995518E-02 2 -4.80985343E-02 1 9.31584612E-02 7 4.69974019E-02
 1396 1 7 0.00000000E+00 4 0.549614727 3 0.233659431 6 0.231720492 5 -8.46942812E-02 2 -4.54592779E-02 1 7.65559450E-02 7 3.86029817E-02
 1402 1 7 0.00000000E+00 4 0.667800486 6 0.252073020 5 8.81265253E-02 3 -7.33649649E-04 2 -3.50824231E-03 7 -7.61054037E-03 1 3.85241187E-03
 1403 1 7 0.00000000E+00 4 0.563580036 6 0.267185777 5 0.181157425 3 -2.96021765E-03 2 6.23715064E-03 7 -1.31384647E-02 1 -2.06170254E-03
 1404 1 7 0.00000000E+00 4 0.446879148 5 0.297408253 6 0.263708919 3 -9.65318122E-06 2 1.44418795E-02 7 -1.64688826E-02 1 -5.95967099E-03
 1405 1 7 0.00000000E+00 5 0.437469095 6 0.230070770 4 0.333267331 3 3.49528901E-03 2 2.02026069E-02 7 -1.66969020E-02 1 -7.80817680E-03
 1406 1 7 0.00000000E+00 5 0.599016011 6 0.162745833 4 0.229804575 3 6.02402491E-03 2 2.32121982E-02 7 -1.30913677E-02 1 -7.71126151E-03
 1407 1 7 0.00000000E+00 5 0.768130302 6 7.07970187E-02 4 0.139950052 3 7.34423427E-03 7 -4.33148863E-03 2 2.41461676E-02 1 -6.03627972E-03
 1408 1 7 0.00000000E+00 5 0.889426410 6 -8.86296108E-03 4 7.21658096E-02 3 7.89033249E-03 7 1.63080990E-02 2 2.67459378E-02 1 -3.67362984E-03
 1409 1 7 0.00000000E+00 5 0.887552261 6 -2.69984268E-02 4 3.80886942E-02 3 8.33086297E-03 7 5.84536940E-02 2 3.62939574E-02 1 -1.72102801E-03
 1410 1 7 0.00000000E+00 5 0.829174161 6 -1.89386550E-02 4 2.20997743E-02 7 0.110867240 3 8.52271635E-03 2 4.79965173E-02 1 2.78246211E-04
 1411 1 7 0.00000000E+00 5 0.762301922 6 -1.01817781E-02 4 1.29275545E-02 7 0.165424943 3 8.39609373E-03 2 5.84872141E-02 1 2.64405250E-03
 1457 1 6 0.00000000E+00 4 0.357940644 3 0.284999788 6 0.274544239 5 -5.15976399E-02 2 -3.74846347E-02 1 0.171597585
 1458 1 7 0.00000000E+00 4 0.387206346 3 0.276294082 6 0.255417556 5 -9.26256850E-02 2 -4.71309163E-02 1 0.142348990 7 7.84896240E-02
 1459 1 7 0.00000000E+00 4 0.417911977 3 0.265521735 6 0.261235654 5 -9.35861543E-02 2 -4.76462916E-02 1 0.126420170 7 7.01429024E-02
 1460 1 7 0.00000000E+00 4 0.451767087 3 0.249680132 6 0.267337948 5 -9.35446471E-02 2 -4.73729596E-02 1 0.110410891 7 6.17215559E-02
 1461 1 7 0.00000000E+00 4 0.488558352 3 0.228128254 6 0.273812056 5 -9.21365991E-02 2 -4.61793989E-02 1 9.45775136E-02 7 5.32398224E-02
 1462 1 7 0.00000000E+00 4 0.527545333 6 0.280835956 3 0.200507864 5 -8.88267756E-02 2 -4.39615548E-02 1 7.91878179E-02 7 4.47113402E-02
 1463 1 7 0.00000000E+00 4 0.567026198 6 0.288767606 3 0.167009085 5 -8.27925727E-02 2 -4.06620987E-02 1 6.45034537E-02 7 3.61483432E-02
 1468 1 7 0.00000000E+00 4 0.553544700 6 0.381201833 5 6.76780716E-02 3 4.28591296E-03 2 -9.42331553E-03 7 -6.09775912E-03 1 8.81053694E-03
 1469 1 7 0.00000000E+00 4 0.463188648 6 0.404809028 5 0.147537023 3 -2.78989971E-03 2 -2.00542249E-03 7 -1.30031789E-02 1 2.26382818E-03
 1470 1 7 0.00000000E+00 6 0.407172620 5 0.253578901 4 0.359248936 3 -4.00956767E-03 2 3.99876945E-03 7 -1.76361967E-02 1 -2.35344819E-03
 1471 1 7 0.00000000E+00 5 0.392252058 6 0.370543331 4 0.255953610 3 -2.90529174E-03 2 7.58827198E-03 7 -1.86538957E-02 1 -4.77808807E-03
 1472 1 7 0.00000000E+00 5 0.566675723 6 0.285488456 4 0.161491409 3 -1.41739380E-03 7 -1.54283559E-02 2 8.13648757E-03 1 -4.94631333E-03
 1473 1 7 0.00000000E+00 5 0.772115648 6 0.157596260 4 7.70221427E-02 3 -3.69716465E-04 7 -8.72159936E-03 2 5.54011343E-03 1 -3.18282610E-03
 1474 1 7 0.00000000E+00 5 1.00000000 6 0.00000000E+00 4 0.00000000E+00 3 0.00000000E+00 7 0.00000000E+00 2 0.00000000E+00 1 0.00000000E+00
 1475 1 7 0.00000000E+00 5 0.907504261 6 2.16235388E-02 4 -6.74073771E-03 7 5.95153347E-02 3 1.63826579E-03 2 1.58469230E-02 1 6.12397504E-04
 1476 1 7 0.00000000E+00 5 0.825537801 6 3.20665762E-02 4 -1.04781371E-02 7 0.119004428 3 2.72537535E-03 2 2.92497966E-02 1 1.89413142E-03
 1477 1 7 0.00000000E+00 5 0.751156569 6 3.56425829E-02 4 -1.22355064E-02 7 0.177964747 3 3.39368684E-03 2 4.04395200E-02 1 3.63840233E-03
 1478 1 7 0.00000000E+00 5 0.682613373 6 3.48872729E-02 4 -1.26288030E-02 7 0.236015826 3 3.76814161E-03 2 4.96352054E-02 1 5.70898456E-03
 1522 1 6 0.00000000E+00 4 0.331320167 3 0.264773190 6 0.294626534 5 -4.42257151E-02 2 -3.19471024E-02 1 0.185452938
 1523 1 6 0.00000000E+00 4 0.354271382 3 0.259797245 6 0.300472200 5 -5.02847992E-02 2 -3.43172401E-02 1 0.170061186
 1524 1 7 0.00000000E+00 4 0.380925000 3 0.249319896 6 0.282742471 5 -9.45260227E-02 2 -4.45394814E-02 1 0.140839443 7 8.52387026E-02
 1526 1 7 0.00000000E+00 4 0.436446428 6 0.303271174 3 0.221239582 5 -9.61009338E-02 2 -4.48528565E-02 1 0.111162238 7 6.88343421E-02
 1527 1 7 0.00000000E+00 4 0.466114372 6 0.315503597 3 0.200434670 5 -9.51112807E-02 2 -4.38580550E-02 1 9.64509994E-02 7 6.04656748E-02
 1528 1 7 0.00000000E+00 4 0.495552033 6 0.329628259 3 0.175026447 5 -9.23103392E-02 2 -4.19875048E-02 1 8.21077675E-02 7 5.19833490E-02
 1529 1 7 0.00000000E+00 4 0.522525847 6 0.346361130 3 0.145542175 5 -8.69489163E-02 2 -3.91976647E-02 1 6.83383420E-02 7 4.33790758E-02
 1536 1 7 0.00000000E+00 6 0.575965106 5 0.177878827 4 0.265821397 3 -3.34239611E-03 2 -1.95248658E-03 7 -1.50728598E-02 1 7.02434685E-04
 1537 1 7 0.00000000E+00 6 0.550102115 5 0.299119622 4 0.172601908 3 -4.48333519E-03 7 -1.55365039E-02 2 7.05960207E-04 1 -2.50978442E-03
 1538 1 7 0.00000000E+00 5 0.465233654 6 0.456050187 4 9.41643193E-02 3 -4.42969054E-03 7 -8.51586834E-03 2 4.62312484E-04 1 -2.96493014E-03
 1539 1 7 0.00000000E+00 5 0.652631760 6 0.318044752 4 3.05500310E-02 3 -4.02170792E-03 7 5.86050889E-03 2 -1.64878846E-03 1 -1.41657423E-03
 1540 1 7 0.00000000E+00 5 0.793410301 6 0.192811564 4 -1.45402495E-02 7 3.24236304E-02 3 -3.37427156E-03 2 -1.45232305E-03 1 7.21364806E-04
 1541 1 7 0.00000000E+00 5 0.807546735 6 0.136587843 4 -3.06384433E-02 7 8.01454112E-02 3 -2.24442803E-03 2 6.42510317E-03 1 2.17779540E-03
 1542 1 7 0.00000000E+00 5 0.761225760 6 0.114294142 4 -3.27598602E-02 7 0.137790963 3 -1.07272062E-03 2 1.71036832E-02 1 3.41801182E-03
 1543 1 7 0.00000000E+00 5 0.703099847 6 9.89619941E-02 4 -3.12521905E-02 7 0.197409794 3 -1.20678218E-04 2 2.70868540E-02 1 4.81439615E-03
 1544 1 7 0.00000000E+00 5 0.643656731 6 8.52049664E-02 7 0.256996751 4 -2.85355113E-02 3 6.03013439E-04 2 3.56880352E-02 1 6.38604071E-03
 1545 1 7 0.00000000E+00 5 0.585485041 6 7.19276518E-02 7 0.315799803 4 -2.52957772E-02 3 1.14533980E-03 2 4.28340212E-02 1 8.10392108E-03
 1547 1 7 0.00000000E+00 5 0.475821882 7 0.429004729 6 4.62997556E-02 4 -1.81454960E-02 3 1.91361923E-03 2 5.31628057E-02 1 1.19426856E-02
 1587 1 6 0.00000000E+00 4 0.306790382 3 0.247313112 6 0.309562147 5 -3.56561355E-02 2 -2.59230398E-02 1 0.197913527
 1588 1 6 0.00000000E+00 4 0.325844914 3 0.243634403 6 0.317141891 5 -4.20213714E-02 2 -2.85437480E-02 1 0.183943912
 1589 1 6 0.00000000E+00 4 0.346314639 3 0.237410694 6 0.325684756 5 -4.80987430E-02 2 -3.07976492E-02 1 0.169486284
 1590 1 7 0.00000000E+00 4 0.369822532 6 0.309007227 3 0.225838467 5 -9.57516432E-02 2 -4.16597389E-02 1 0.140107021 7 9.26361457E-02
 1593 1 7 0.00000000E+00 4 0.437894940 6 0.354960799 3 0.178258985 5 -9.73577350E-02 2 -4.12307270E-02 1 9.87254158E-02 7 6.87483102E-02
 1594 1 7 0.00000000E+00 4 0.458296537 6 0.375353009 3 0.155368745 5 -9.51950103E-02 2 -3.96527015E-02 1 8.53045508E-02 7 6.05248623E-02
 1595 1 7 0.00000000E+00 4 0.474308193 6 0.399601877 5 -9.08322632E-02 3 0.129707277 2 -3.72828022E-02 1 7.23465607E-02 7 5.21511585E-02
 1596 1 7 0.00000000E+00 4 0.482630581 6 0.428911328 5 -8.34896863E-02 3 0.102461152 2 -3.41161154E-02 1 5.99957444E-02 7 4.36069705E-02
 1603 1 7 0.00000000E+00 6 0.763035059 5 0.163903698 4 8.70415047E-02 3 -3.08667752E-03 7 -8.55613872E-03 2 -1.37553806E-03 1 -9.61891317E-04
 1604 1 7 0.00000000E+00 6 0.650625944 5 0.319810867 4 3.14084776E-02 3 -4.40839864E-03 7 5.69180911E-03 2 -1.84217794E-03 1 -1.28651201E-03
 1605 1 7 0.00000000E+00 5 0.488721311 6 0.494398654 4 -5.69555163E-03 7 3.02064382E-02 3 -4.86494880E-03 2 -3.16408370E-03 1 3.98165284E-04
 1606 1 7 0.00000000E+00 5 0.611792624 6 0.359566957 4 -3.12907472E-02 7 6.44931123E-02 3 -4.67977813E-03 2 -2.21393793E-03 1 2.33173626E-03
 1607 1 7 0.00000000E+00 5 0.662627697 6 0.267995387 4 -4.34455499E-02 7 0.110337958 3 -4.01639985E-03 2 2.58902740E-03 1 3.91186075E-03
 1608 1 7 0.00000000E+00 5 0.658561409 6 0.210784599 4 -4.58274595E-02 7 0.164528117 3 -3.13144200E-03 2 9.90612898E-03 1 5.17863361E-03
 1609 1 7 0.00000000E+00 5 0.627417386 6 0.171772838 4 -4.36531492E-02 7 0.222638473 3 -2.24683224E-03 2 1.77362300E-02 1 6.33503776E-03
 1610 1 7 0.00000000E+00 5 0.584638715 6 0.141829744 7 0.282170862 4 -3.96798365E-02 3 -1.45960681E-03 2 2.50202511E-02 1 7.47986278E-03
 1611 1 7 0.00000000E+00 5 0.537110269 6 0.116830811 7 0.341890216 4 -3.50373462E-02 3 -7.89772719E-04 2 3.13516445E-02 1 8.64416268E-03
 1612 1 7 0.00000000E+00 5 0.488016397 7 0.401044726 6 9.48783457E-02 4 -3.01825684E-02 3 -2.22520190E-04 2 3.66211794E-02 1 9.84443445E-03
 1613 1 6 0.00000000E+00 5 0.438784450 7 0.460096121 6 7.56442323E-02 4 -2.52805855E-02 3 2.79600522E-03 2 4.79597859E-02
 1654 1 6 0.00000000E+00 4 0.317341805 6 0.338545799 3 0.224693596 5 -3.90332378E-02 2 -2.48701908E-02 1 0.183322236
 1655 1 6 0.00000000E+00 4 0.335049123 6 0.349539876 3 0.217715681 5 -4.50400747E-02 2 -2.70079970E-02 1 0.169743389
 1656 1 7 0.00000000E+00 4 0.355206341 6 0.333402097 3 0.205549240 5 -9.62995067E-02 2 -3.85730341E-02 1 0.140036196 7 0.100678660
 1660 1 7 0.00000000E+00 4 0.419373631 6 0.415834457 5 -9.73351598E-02 3 0.140047669 2 -3.70580964E-02 1 8.87723938E-02 7 7.03651085E-02
 1661 1 7 0.00000000E+00 4 0.426527053 6 0.445749044 5 -9.40674096E-02 3 0.117771894 2 -3.50483321E-02 1 7.65570775E-02 7 6.25106692E-02
 1663 1 7 0.00000000E+00 6 0.524138629 4 0.413148373 5 -8.03053454E-02 3 7.18898848E-02 2 -2.89865993E-02 7 4.64369841E-02 1 5.36780432E-02
 1664 1 7 0.00000000E+00 6 0.575425208 4 0.386157751 5 -6.90043867E-02 3 5.10435402E-02 2 -2.50166785E-02 7 3.82275842E-02 1 4.31670062E-02
 1669 1 7 0.00000000E+00 6 1.00000000 5 0.00000000E+00 4 0.00000000E+00 3 0.00000000E+00 7 0.00000000E+00 2 0.00000000E+00 1 0.00000000E+00
 1670 1 7 0.00000000E+00 6 0.802112222 5 0.188005343 4 -1.43858027E-02 3 -2.66355043E-03 7 2.75448821E-02 2 -2.35345308E-03 1 1.74034387E-03
 1671 1 7 0.00000000E+00 6 0.628251791 5 0.347189277 4 -3.06682028E-02 7 5.92795014E-02 3 -4.01136093E-03 2 -3.59006063E-03 1 3.54906404E-03
 1672 1 7 0.00000000E+00 5 0.462848753 6 0.485784739 4 -4.39379290E-02 7 9.73998010E-02 3 -4.46686475E-03 2 -2.82929605E-03 1 5.20077441E-03
 1673 1 7 0.00000000E+00 5 0.527578235 6 0.378046244 4 -5.12073003E-02 7 0.143013895 3 -4.32540942E-03 2 3.47963709E-04 1 6.54636323E-03
 1674 1 7 0.00000000E+00 5 0.548519731 6 0.300033033 4 -5.27379811E-02 7 0.195054367 3 -3.83464806E-03 2 5.37188910E-03 1 7.59359915E-03
 1675 1 7 0.00000000E+00 5 0.540078878 6 0.242650315 7 0.251354247 4 -5.05217537E-02 3 -3.19286250E-03 2 1.11981435E-02 1 8.43299273E-03
 1676 1 7 0.00000000E+00 5 0.514369190 6 0.198306158 7 0.310057074 4 -4.63329665E-02 3 -2.52540014E-03 2 1.69852804E-02 1 9.14065447E-03
 1677 1 7 0.00000000E+00 5 0.479031831 6 0.162173733 7 0.369921684 4 -4.12369445E-02 3 -1.89450930E-03 2 2.22449973E-02 1 9.75921284E-03
 1678 1 6 0.00000000E+00 5 0.438306093 7 0.431128800 6 0.131966084 4 -3.57633494E-02 3 1.02165609E-03 2 3.33406925E-02
 1679 1 6 0.00000000E+00 7 0.490971059 5 0.395240873 6 0.105016194 4 -3.02430280E-02 3 1.66039518E-03 2 3.73545103E-02
 1718 1 6 0.00000000E+00 4 0.277882844 6 0.336532444 3 0.216680512 5 -2.29007304E-02 2 -1.60214044E-02 1 0.207826316
 1719 1 6 0.00000000E+00 4 0.291959703 6 0.346816659 3 0.213176534 5 -2.91755460E-02 2 -1.86432358E-02 1 0.195865884
 1721 1 6 0.00000000E+00 4 0.321430415 6 0.371492475 3 0.200498819 5 -4.11281995E-02 2 -2.30157226E-02 1 0.170722216
 1722 1 7 0.00000000E+00 4 0.338292539 6 0.355266213 3 0.188088372 5 -9.61731672E-02 2 -3.53435390E-02 1 0.140532702 7 0.109336868
 1726 1 7 0.00000000E+00 4 0.381266534 6 0.449631423 5 -9.85136777E-02 3 0.127949014 2 -3.42846997E-02 1 9.25024077E-02 7 8.14489722E-02
 1727 1 7 0.00000000E+00 4 0.381707489 6 0.483128875 5 -9.61908698E-02 3 0.108575471 2 -3.25942338E-02 7 7.43874386E-02 1 8.09858367E-02
 1730 1 7 0.00000000E+00 6 0.621859550 4 0.326468170 5 -7.83877298E-02 3 5.15522063E-02 2 -2.40734983E-02 7 5.34678884E-02 1 4.91133854E-02
 1736 1 7 0.00000000E+00 6 0.831894755 5 0.126483023 4 -2.33795382E-02 7 6.11792766E-02 3 -2.06894067E-04 2 -4.14982624E-03 1 8.17922223E-03
 1737 1 7 0.00000000E+00 6 0.693414509 5 0.250340194 4 -3.88629325E-02 7 9.30389762E-02 3 -2.17338372E-03 2 -4.43066517E-03 1 8.67332704E-03
 1738 1 7 0.00000000E+00 6 0.564069927 5 0.350133121 4 -4.85420972E-02 7 0.131672546 3 -3.20984819E-03 2 -3.63934599E-03 1 9.51569155E-03
 1739 1 7 0.00000000E+00 5 0.415466428 6 0.456352025 4 -5.37190735E-02 7 0.176539302 3 -3.57825891E-03 2 -1.35139120E-03 1 1.02909859E-02
 1740 1 7 0.00000000E+00 5 0.447659254 6 0.370738715 4 -5.48627451E-02 7 0.226878285 3 -3.50801996E-03 2 2.21147039E-03 1 1.08830333E-02
 1741 1 7 0.00000000E+00 5 0.453692734 6 0.303234190 7 0.281448901 4 -5.29710501E-02 3 -3.18289828E-03 2 6.49643783E-03 1 1.12816831E-02
 1742 1 6 0.00000000E+00 5 0.441152036 6 0.249659777 7 0.340133011 4 -4.91124429E-02 3 -1.21832389E-04 2 1.82894412E-02
 1743 1 6 0.00000000E+00 5 0.416772008 6 0.204910368 7 0.399626851 4 -4.41918634E-02 3 3.79814999E-04 2 2.25028209E-02
 1744 1 6 0.00000000E+00 5 0.384711623 7 0.460278541 6 0.166801319 4 -3.87290269E-02 3 8.41143075E-04 2 2.60964166E-02
 1745 1 6 0.00000000E+00 7 0.521435797 5 0.347923875 6 0.133489460 4 -3.30517292E-02 3 1.24717969E-03 2 2.89554205E-02
 1784 1 6 0.00000000E+00 4 0.269705027 6 0.351531327 3 0.202705011 5 -1.89028662E-02 2 -1.22751696E-02 1 0.207236677
 1785 1 6 0.00000000E+00 4 0.281878471 6 0.363213062 3 0.198649660 5 -2.49393731E-02 2 -1.47507647E-02 1 0.195948958
 1786 1 6 0.00000000E+00 4 0.294180423 6 0.376332164 3 0.192967117 5 -3.08006294E-02 2 -1.69670098E-02 1 0.184287950
 1788 1 7 0.00000000E+00 4 0.320123643 6 0.374129266 3 0.173083782 5 -9.53881443E-02 2 -3.20221595E-02 1 0.141517654 7 0.118555970
 1804 1 7 0.00000000E+00 6 0.601204038 5 0.268777728 4 -4.57138382E-02 7 0.166510627 3 -1.25317846E-03 2 -4.60636057E-03 1 1.50809735E-02
 1805 1 7 0.00000000E+00 6 0.504052460 5 0.327051878 4 -5.12813628E-02 7 0.209938034 3 -2.07546749E-03 2 -2.77771428E-03 1 1.50921941E-02
 1806 1 6 0.00000000E+00 5 0.361372530 6 0.421059161 7 0.260016710 4 -5.29692098E-02 3 1.01845618E-03 2 9.50236805E-03
 1807 1 6 0.00000000E+00 5 0.374800205 6 0.350669473 7 0.312811852 4 -5.18545359E-02 3 9.80056589E-04 2 1.25929201E-02
 1811 1 6 0.00000000E+00 7 0.549885094 5 0.299815208 6 0.159875274 4 -3.39064151E-02 3 1.57514319E-03 2 2.27557067E-02
 1812 1 6 0.00000000E+00 7 0.612595677 5 0.264724940 6 0.125569195 4 -2.82785930E-02 3 1.64218154E-03 2 2.37465575E-02
 1813 1 6 0.00000000E+00 7 0.675505877 5 0.227025285 6 9.44014117E-02 4 -2.26304512E-02 3 1.65865314E-03 2 2.40392238E-02
 1814 1 7 0.00000000E+00 7 0.730811715 5 0.187966958 6 6.44745231E-02 4 -1.77291408E-02 3 4.92483843E-04 2 2.13601477E-02 8 1.26233026E-02
 1849 1 6 0.00000000E+00 4 0.250144601 6 0.353532463 3 0.193155468 5 -8.49816948E-03 2 -5.88097516E-03 1 0.217546612
 1850 1 6 0.00000000E+00 4 0.260412574 6 0.365009218 3 0.190075681 5 -1.43594975E-02 2 -8.42055958E-03 1 0.207282558
 1873 1 6 0.00000000E+00 5 0.306495190 6 0.383607686 7 0.341704637 4 -4.80827130E-02 3 3.35381785E-03 2 1.29213808E-02
 1880 1 7 0.00000000E+00 7 0.762099743 5 0.150552109 6 7.77347907E-02 4 -1.75025873E-02 3 5.65358379E-04 2 1.39921196E-02 8 1.25584472E-02
 1881 1 7 0.00000000E+00 7 0.829709709 5 0.111871645 6 4.83052954E-02 4 -1.18694808E-02 3 4.69899795E-04 8 8.97112302E-03 2 1.25418277E-02
 1915 1 6 0.00000000E+00 4 0.241646081 6 0.364567965 3 0.182104155 5 -3.78897390E-03 2 -2.10306467E-03 1 0.217573836
 1916 1 6 0.00000000E+00 4 0.250386268 6 0.376839846 3 0.178711042 5 -9.32325516E-03 2 -4.49472200E-03 1 0.207880795
 1947 1 7 0.00000000E+00 7 0.850276649 5 8.07863325E-02 6 5.98386191E-02 4 -1.12108542E-02 3 8.87290982E-04 8 1.26325348E-02 2 6.78940909E-03
 1948 1 7 0.00000000E+00 7 0.923893750 5 4.13141064E-02 6 2.93705259E-02 4 -5.61081059E-03 8 6.75095292E-03 3 4.92611725E-04 2 3.78887891E-03
 1949 1 7 0.00000000E+00 7 1.00000000 5 0.00000000E+00 6 0.00000000E+00 4 0.00000000E+00 8 0.00000000E+00 3 0.00000000E+00 9 0.00000000E+00
 2014 1 7 0.00000000E+00 7 0.900747240 5 2.74029449E-02 6 4.40336466E-02 4 -6.25963928E-03 8 1.14420513E-02 3 1.30653498E-03 9 2.13272087E-02
 2015 1 7 0.00000000E+00 7 0.937492132 5 2.87211523E-03 6 2.17825044E-02 4 -2.09383201E-03 8 1.89107265E-02 9 1.94214098E-02 3 1.61493651E-03
 2080 1 7 0.00000000E+00 7 0.855225086 5 2.21427698E-02 6 6.19953871E-02 4 -7.00026844E-03 8 2.60059126E-02 9 3.90551388E-02 3 2.57599470E-03
 2081 1 7 0.00000000E+00 7 0.878864229 5 4.27797390E-03 6 4.12984565E-02 4 -3.51526006E-03 8 3.65414396E-02 9 3.90604660E-02 3 3.47271375E-03
 2082 1 6 0.00000000E+00 7 0.873727977 5 -3.10239126E-03 6 2.73527913E-02 8 5.50239608E-02 4 3.56643950E-03 9 4.34312485E-02
 2083 1 6 0.00000000E+00 7 0.847072482 5 -3.42597906E-03 6 1.87336579E-02 8 7.90210515E-02 4 8.31173081E-03 9 5.02870828E-02
 2084 1 6 0.00000000E+00 7 0.810494959 5 -5.11467049E-04 6 1.31002897E-02 8 0.105969720 4 1.29987812E-02 9 5.79477437E-02
 2114 1 5 0.00000000E+00 4 0.219042584 6 0.419411153 3 0.200757861 5 1.34391021E-02 2 0.147349313
 2150 1 6 0.00000000E+00 7 0.776671410 5 -4.23295749E-03 6 2.45029572E-02 8 0.117283918 9 7.39496276E-02 4 1.18250512E-02
 2152 1 6 0.00000000E+00 7 0.706057549 8 0.172647700 5 1.57252175E-03 6 1.44686811E-02 9 8.56517702E-02 4 1.96017809E-02
 2181 1 5 0.00000000E+00 6 0.438442320 4 0.211917922 5 1.59450583E-02 3 0.187815458 2 0.145879239
 2189 1 7 0.00000000E+00 6 0.480568975 4 0.172007024 5 -7.87006691E-02 3 7.95903355E-02 7 0.107882380 2 1.77469105E-02 10 0.220905066
 2218 1 6 0.00000000E+00 7 0.677707911 8 0.182389304 5 -2.30223755E-03 6 2.28083003E-02 9 0.101316623 4 1.80801228E-02
 2255 1 7 0.00000000E+00 6 0.465102404 4 0.156474948 5 -7.40759000E-02 3 7.67554566E-02 7 0.116194539 10 0.239126429 2 2.04221234E-02
 2286 1 5 0.00000000E+00 7 0.583737731 8 0.251062185 9 0.125192985 5 8.56272224E-03 6 3.14443819E-02
 2288 1 5 0.00000000E+00 7 0.518200338 8 0.313398033 9 0.126151189 5 1.53226014E-02 6 2.69278456E-02
 2289 1 5 0.00000000E+00 7 0.485625654 8 0.345791280 9 0.124698900 5 1.84463412E-02 6 2.54378486E-02
 2311 1 5 0.00000000E+00 6 0.299388438 4 0.166214406 5 -7.02810800E-03 3 0.198559940 10 0.342865318
 2312 1 5 0.00000000E+00 6 0.313052744 4 0.168425307 5 -1.04069943E-02 3 0.190500572 10 0.338428378
 2321 1 7 0.00000000E+00 6 0.447999477 4 0.142941952 5 -6.95447400E-02 3 7.41505772E-02 7 0.123679057 10 0.257784754 2 2.29889248E-02
 2349 1 6 0.00000000E+00 7 0.636949718 8 0.175071567 5 -7.21987477E-03 6 4.63634916E-02 9 0.134632453 4 1.42026590E-02
 2377 1 5 0.00000000E+00 6 0.296173513 4 0.157008991 5 -2.79868930E-03 3 0.192899927 10 0.356716275
 2446 1 5 0.00000000E+00 6 0.331108510 4 0.149011299 5 -5.64842299E-03 3 0.164446890 10 0.361081749
 2454 1 6 0.00000000E+00 6 0.423412502 5 -5.50816804E-02 4 0.112721600 7 0.144764245 3 8.15253556E-02 10 0.292657971
 2488 1 5 0.00000000E+00 8 0.404157192 7 0.387254596 9 0.169540569 5 9.36863571E-03 6 2.96790209E-02
 2489 1 4 0.00000000E+00 8 0.442047447 7 0.361322612 9 0.163298160 5 3.33317667E-02
 2490 1 3 0.00000000E+00 8 0.485063225 7 0.355387300 9 0.159549475
 2520 1 7 0.00000000E+00 6 0.400352150 5 -5.19349314E-02 4 0.102667131 10 0.242916882 7 0.144331411 3 7.57719651E-02 11 8.58953968E-02
 2579 1 6 0.00000000E+00 6 0.321281940 4 0.125785112 5 -2.64800573E-03 10 0.266383499 3 0.138522476 11 0.150674999
 2585 1 7 0.00000000E+00 6 0.369490683 5 -5.07532172E-02 4 0.102454074 10 0.260645270 7 0.140587404 3 8.19057375E-02 11 9.56700519E-02
 2645 1 6 0.00000000E+00 6 0.310479939 4 0.117107302 10 0.279675603 5 1.69671781E-03 11 0.155864581 3 0.135175839
 2651 1 7 0.00000000E+00 6 0.350232959 5 -4.70679514E-02 4 9.50069577E-02 10 0.278730571 7 0.143121138 11 9.90193859E-02 3 8.09569359E-02
 2692 1 3 0.00000000E+00 8 0.683882952 9 0.141110376 7 0.175006688
 2695 1 3 0.00000000E+00 8 0.840929806 9 5.92998862E-02 7 9.97702926E-02
 2696 1 3 0.00000000E+00 8 0.884350121 9 3.55504155E-02 7 8.00994337E-02
 2697 1 3 0.00000000E+00 8 0.909932971 9 2.20126361E-02 7 6.80543780E-02
 2712 1 6 0.00000000E+00 6 0.309692413 10 0.298408568 4 0.106420226 5 6.04900206E-03 11 0.153682649 3 0.125747114
 2716 1 8 0.00000000E+00 6 0.322623700 10 0.284754425 5 -4.54500392E-02 4 9.36360285E-02 11 9.61576253E-02 7 0.136412591 3 8.45069587E-02 12 2.73586996E-02
 2759 1 3 0.00000000E+00 8 0.740705669 9 0.132865861 7 0.126428470
 2760 1 3 0.00000000E+00 8 0.799613774 9 0.100530639 7 9.98555943E-02
 2761 1 3 0.00000000E+00 8 0.859794497 9 6.63306192E-02 7 7.38748610E-02
 2762 1 3 0.00000000E+00 8 0.917124152 9 3.29248123E-02 7 4.99510542E-02
 2763 1 3 0.00000000E+00 8 0.953683197 9 1.15528982E-02 7 3.47638838E-02
 2779 1 6 0.00000000E+00 6 0.303310424 10 0.309414268 4 0.179469556 5 2.43437849E-02 11 0.137852177 12 4.56097722E-02
 2822 1 3 0.00000000E+00 8 0.569766700 9 0.243346542 7 0.186886743
 2826 1 3 0.00000000E+00 8 0.795011878 9 0.123892769 7 8.10953453E-02
 2827 1 3 0.00000000E+00 8 0.859954357 9 8.56551901E-02 7 5.43904342E-02
 2828 1 3 0.00000000E+00 8 0.928291142 9 4.43125367E-02 7 2.73962989E-02
 2829 1 3 0.00000000E+00 8 1.00000000 9 0.00000000E+00 7 0.00000000E+00
 2845 1 6 0.00000000E+00 10 0.325686306 6 0.289111853 11 0.143720046 4 0.170852065 5 2.73919683E-02 12 4.32377458E-02
 2847 1 7 0.00000000E+00 10 0.320721835 6 0.277898788 11 0.117806010 5 -3.14051770E-02 4 0.148481354 12 2.80324481E-02 7 0.138464749
 2889 1 3 0.00000000E+00 8 0.603053629 9 0.254082441 7 0.142863914
 2893 1 3 0.00000000E+00 8 0.834613204 9 0.121429719 7 4.39570770E-02
 2894 1 3 0.00000000E+00 8 0.893085182 9 8.50294903E-02 7 2.18853503E-02
 2895 1 3 0.00000000E+00 8 0.930890560 9 6.06038719E-02 7 8.50558095E-03
 2910 1 7 0.00000000E+00 10 0.336514652 6 0.266593188 11 0.138552442 4 0.168097153 5 2.85055954E-02 12 1.01014990E-02 13 5.16354479E-02
 2911 1 7 0.00000000E+00 10 0.344536185 6 0.274305373 11 0.130730525 4 0.161321044 5 2.89839413E-02 12 1.20331049E-02 13 4.80898209E-02
 2913 1 7 0.00000000E+00 10 0.358818978 6 0.289250225 11 0.113991112 5 3.18463035E-02 4 0.146923006 12 1.74460299E-02 13 4.17243540E-02
 2955 1 3 0.00000000E+00 8 0.577504694 9 0.295160621 7 0.127334669
 2960 1 3 0.00000000E+00 8 0.836331725 9 0.139554739 7 2.41135433E-02
 2961 1 3 0.00000000E+00 8 0.864434063 9 0.119879730 7 1.56861935E-02
 2962 1 3 0.00000000E+00 8 0.867897391 9 0.114820942 7 1.72816850E-02
 2963 1 3 0.00000000E+00 8 0.853340030 9 0.120409861 7 2.62500942E-02
 2964 1 3 0.00000000E+00 8 0.830636740 9 0.130636215 7 3.87270264E-02
 2977 1 7 0.00000000E+00 10 0.361135572 11 0.137781531 6 0.259880513 12 9.45997704E-03 4 0.153559893 5 3.11464053E-02 13 4.70361188E-02
 3021 1 3 0.00000000E+00 8 0.545121491 9 0.341339409 7 0.113539100
 3028 1 3 0.00000000E+00 8 0.809265912 9 0.168100327 7 2.26337314E-02
 3029 1 3 0.00000000E+00 8 0.804298282 9 0.166460261 7 2.92414334E-02
 3030 1 3 0.00000000E+00 8 0.790574789 9 0.169911131 7 3.95140871E-02
 3043 1 7 0.00000000E+00 10 0.377832264 11 0.145384476 6 0.245429948 12 6.53855270E-03 13 4.58386503E-02 4 0.146106362 5 3.28697227E-02
 3086 1 3 0.00000000E+00 8 0.464228064 9 0.414957881 7 0.120814048
 3108 1 7 0.00000000E+00 10 0.382409334 11 0.163461000 12 8.18933593E-04 6 0.225913242 13 4.85235415E-02 4 0.145022213 5 3.38517167E-02
 3109 1 7 0.00000000E+00 10 0.394545615 11 0.153632224 6 0.230998784 12 3.25213023E-03 13 4.45072539E-02 4 0.138898879 5 3.41651104E-02
 3111 1 7 0.00000000E+00 10 0.416759133 11 0.132089719 6 0.240796000 12 1.02191893E-02 13 3.73532511E-02 5 3.64109278E-02 4 0.126371786
 3153 1 3 0.00000000E+00 8 0.464770585 9 0.445849091 7 8.93803313E-02
 3173 1 5 0.00000000E+00 10 0.392223418 11 0.188964218 12 6.63223327E-04 13 6.10550381E-02 6 0.357094109
 3218 1 3 0.00000000E+00 9 0.524586082 8 0.381799370 7 9.36145708E-02
 3219 1 3 0.00000000E+00 9 0.502642810 8 0.419162482 7 7.81947002E-02
 3374 1 5 0.00000000E+00 10 0.485347539 11 0.185117602 12 -5.68305980E-03 13 4.06168029E-02 6 0.294601113
 3416 1 3 0.00000000E+00 9 0.708165348 8 0.238114744 7 5.37199192E-02
 3417 1 3 0.00000000E+00 9 0.683071375 8 0.271629870 7 4.52987477E-02
 3440 1 6 0.00000000E+00 10 0.495997936 11 0.200694263 12 -4.78188284E-02 13 1.53860198E-02 6 0.262459129 14 7.32814893E-02
 3445 1 6 0.00000000E+00 10 0.579091430 11 0.103248060 12 -1.07695423E-02 13 -3.99549538E-03 14 7.68931806E-02 6 0.255532384
 3482 1 3 0.00000000E+00 9 0.772744238 8 0.187183827 7 4.00719568E-02
 3483 1 3 0.00000000E+00 9 0.743654311 8 0.221755505 7 3.45901810E-02
 3506 1 5 0.00000000E+00 10 0.604971290 11 0.254485637 12 -5.16540296E-02 13 4.20811027E-02 14 0.150115982
 3511 1 6 0.00000000E+00 10 0.609157979 11 0.104150042 12 -1.15744350E-02 13 -6.03131624E-03 14 7.22148642E-02 6 0.232082859
 3547 1 3 0.00000000E+00 9 0.857535481 8 0.108288571 7 3.41759659E-02
 3548 1 3 0.00000000E+00 9 0.837547183 8 0.136012539 7 2.64402982E-02
 3549 1 3 0.00000000E+00 9 0.801286280 8 0.173923180 7 2.47905292E-02
 3576 1 6 0.00000000E+00 10 0.625621200 11 0.129711032 12 -2.39916630E-02 13 -4.43425495E-03 14 6.39638156E-02 6 0.209129900
 3577 1 6 0.00000000E+00 10 0.640557945 11 0.104749441 12 -1.25444699E-02 13 -7.93800317E-03 14 6.68726712E-02 6 0.208302423
 3613 1 3 0.00000000E+00 9 0.927637517 8 5.49076647E-02 7 1.74548440E-02
 3614 1 3 0.00000000E+00 9 0.898713827 8 8.72804075E-02 7 1.40057895E-02
 3641 1 5 0.00000000E+00 10 0.703259945 11 0.194999471 12 -3.71167511E-02 13 1.94207188E-02 14 0.119436637
 3642 1 5 0.00000000E+00 10 0.726550579 11 0.164617151 12 -2.65232380E-02 13 1.52332019E-02 14 0.120122321
 3643 1 5 0.00000000E+00 10 0.744099021 11 0.135692224 12 -1.39776450E-02 13 1.15078473E-02 14 0.122678556
 3679 1 3 0.00000000E+00 9 1.00000000 8 0.00000000E+00 7 0.00000000E+00
 3707 1 5 0.00000000E+00 10 0.719245732 11 0.200598493 12 -4.02590446E-02 13 1.53863849E-02 14 0.105028436
 3708 1 5 0.00000000E+00 10 0.747544229 11 0.165107206 12 -2.90243290E-02 13 1.11066243E-02 14 0.105266280
 3709 1 5 0.00000000E+00 10 0.768961787 11 0.131420985 12 -1.53477397E-02 13 7.31490972E-03 14 0.107650034
 3710 1 5 0.00000000E+00 10 0.781491339 11 0.101384796 12 8.67272320E-04 13 3.85600049E-03 14 0.112400606
 3744 1 3 0.00000000E+00 9 0.949240029 8 1.56379081E-02 7 3.51220779E-02
 3773 1 5 0.00000000E+00 10 0.733527899 11 0.208326504 12 -4.34512272E-02 13 1.15532717E-02 14 9.00435895E-02
 3774 1 5 0.00000000E+00 10 0.768455863 11 0.166360855 12 -3.17433625E-02 13 7.28655141E-03 14 8.96401256E-02
 3775 1 5 0.00000000E+00 10 0.795154333 11 0.126595482 12 -1.69842392E-02 13 3.53305065E-03 14 9.17013735E-02
 3776 1 5 0.00000000E+00 10 0.810414612 11 9.17980149E-02 12 1.18250190E-03 13 2.82473520E-05 14 9.65766460E-02
 3777 1 5 0.00000000E+00 10 0.812717736 11 6.37552962E-02 12 2.25105863E-02 13 -3.39469523E-03 14 0.104411103
 3809 1 2 0.00000000E+00 9 0.932827652 8 6.71723709E-02
 3836 1 5 0.00000000E+00 10 0.603475511 11 0.348841667 12 -6.87768534E-02 13 2.68367641E-02 14 8.96229446E-02
 3839 1 5 0.00000000E+00 10 0.744485617 11 0.219302043 12 -4.63636778E-02 13 7.96023011E-03 14 7.46157840E-02
 3840 1 5 0.00000000E+00 10 0.788344562 11 0.168978706 12 -3.45012024E-02 13 3.87765234E-03 14 7.33002573E-02
 3841 1 5 0.00000000E+00 10 0.822556913 11 0.121186145 12 -1.88881718E-02 13 3.43732041E-04 14 7.48013705E-02
 3842 1 5 0.00000000E+00 10 0.841647744 11 8.03472176E-02 12 1.40931399E-03 13 -3.10673867E-03 14 7.97024667E-02
 3843 1 5 0.00000000E+00 10 0.842948973 11 4.92146164E-02 12 2.63247490E-02 13 -6.75777486E-03 14 8.82694125E-02
 3875 1 3 0.00000000E+00 9 0.849826753 8 3.60139757E-02 14 0.114159271
 3902 1 5 0.00000000E+00 10 0.585501075 11 0.383032501 12 -7.07042888E-02 13 2.44500563E-02 14 7.77206793E-02
 3905 1 5 0.00000000E+00 10 0.749265790 11 0.235427946 12 -4.83111329E-02 13 4.60982928E-03 14 5.90075776E-02
 3906 1 5 0.00000000E+00 10 0.805218577 11 0.174195454 12 -3.68041024E-02 13 9.77969612E-04 14 5.64121045E-02
 3907 1 5 0.00000000E+00 10 0.850680947 11 0.115327954 12 -2.09500790E-02 13 -2.01888545E-03 14 5.69600724E-02
 3908 1 5 0.00000000E+00 10 0.875580311 11 6.64619580E-02 12 1.49743119E-03 13 -5.23554021E-03 14 6.16958588E-02
 3909 1 5 0.00000000E+00 10 0.874508619 11 3.24011222E-02 12 3.11258677E-02 13 -9.19853523E-03 14 7.11629465E-02
 3910 1 5 0.00000000E+00 10 0.851639628 11 1.18794972E-02 12 6.52945340E-02 13 -1.37407500E-02 14 8.49271044E-02
 3941 1 3 0.00000000E+00 9 0.817651808 8 4.41079773E-02 14 0.138240233
 3968 1 5 0.00000000E+00 10 0.557038605 11 0.425425082 12 -7.13478848E-02 13 2.24470776E-02 14 6.64371029E-02
 3969 1 5 0.00000000E+00 10 0.611051857 11 0.382632464 12 -6.46298602E-02 13 1.31922336E-02 14 5.77533133E-02
 3972 1 5 0.00000000E+00 10 0.814602554 11 0.184750840 12 -3.73595953E-02 13 -1.38641207E-03 14 3.93926129E-02
 3973 1 5 0.00000000E+00 10 0.877782106 11 0.109830670 12 -2.26441510E-02 13 -3.28762108E-03 14 3.83190103E-02
 3974 1 5 0.00000000E+00 10 0.912739336 11 4.93291952E-02 12 1.37382373E-03 13 -5.91184665E-03 14 4.24694903E-02
 3975 1 5 0.00000000E+00 10 0.905802011 11 1.36750452E-02 12 3.77461128E-02 13 -1.04210572E-02 14 5.31979129E-02
 3976 1 5 0.00000000E+00 10 0.869026721 11 -2.94754049E-03 12 8.07302967E-02 13 -1.61475651E-02 14 6.93380609E-02
 4007 1 3 0.00000000E+00 9 0.784818292 8 5.28925471E-02 14 0.162289158
 4021 1 2 0.00000000E+00 9 0.616426170 8 0.383573800
 4035 1 5 0.00000000E+00 10 0.571251333 11 0.434361458 12 -6.23079687E-02 13 1.03902351E-02 14 4.63049263E-02
 4038 1 5 0.00000000E+00 10 0.806299925 11 0.206864834 12 -3.29696350E-02 13 -3.42398090E-03 14 2.32288707E-02
 4039 1 5 0.00000000E+00 10 0.896692693 11 0.108701147 12 -2.15814784E-02 13 -3.37049551E-03 14 1.95581336E-02
 4040 1 6 0.00000000E+00 10 0.952314973 11 2.66507473E-02 12 1.49448973E-03 13 -6.89999154E-03 14 1.13689750E-02 15 1.50707979E-02
 4041 1 6 0.00000000E+00 10 0.928017676 11 -4.79784328E-03 12 4.96432707E-02 13 -1.31518031E-02 14 2.26091910E-02 15 1.76794920E-02
 4042 1 6 0.00000000E+00 10 0.868084848 11 -1.32316891E-02 12 0.105457559 13 -2.17037909E-02 14 3.80817056E-02 15 2.33113784E-02
 4043 1 6 0.00000000E+00 10 0.805540562 12 0.155873179 11 -1.73708238E-02 13 -2.99736839E-02 14 5.59628420E-02 15 2.99679022E-02
 4072 1 3 0.00000000E+00 9 0.738127530 8 6.08912259E-02 14 0.200981230
 4101 1 5 0.00000000E+00 10 0.513515174 11 0.499676555 12 -5.73685691E-02 13 7.92238861E-03 14 3.62544581E-02
 4102 1 5 0.00000000E+00 10 0.580634773 11 0.438721746 12 -4.48705517E-02 13 -7.81188719E-04 14 2.62952168E-02
 4103 1 5 0.00000000E+00 10 0.663440168 11 0.355480880 12 -3.11445463E-02 13 -5.12468489E-03 14 1.73481926E-02
 4104 1 5 0.00000000E+00 10 0.761776209 11 0.251776397 12 -1.76342539E-02 13 -5.66313416E-03 14 9.74478014E-03
 4105 1 6 0.00000000E+00 10 0.873749256 11 0.131183982 12 -6.16375869E-03 13 -4.68389504E-03 14 -1.00178632E-03 15 6.91619702E-03
 4106 1 6 0.00000000E+00 10 1.00000000 11 0.00000000E+00 12 0.00000000E+00 13 0.00000000E+00 14 0.00000000E+00 15 0.00000000E+00
 4107 1 6 0.00000000E+00 10 0.913126588 11 -3.94872186E-04 12 7.69513398E-02 13 -1.13002574E-02 14 1.51040880E-02 15 6.51310105E-03
 4108 1 6 0.00000000E+00 10 0.836412072 11 -4.70535783E-03 12 0.144333452 13 -2.19251662E-02 14 3.24676931E-02 15 1.34172812E-02
 4109 1 6 0.00000000E+00 10 0.768789589 12 0.200483963 11 -1.04827592E-02 13 -3.16034704E-02 14 5.21428585E-02 15 2.06698366E-02
 4167 1 5 0.00000000E+00 11 0.579258442 10 0.437001497 12 -5.03183827E-02 13 6.18938031E-03 14 2.78690699E-02
 4168 1 5 0.00000000E+00 11 0.521215558 10 0.498196959 12 -3.26235630E-02 13 -4.05877037E-03 14 1.72698349E-02
 4169 1 6 0.00000000E+00 10 0.575004458 11 0.434263498 12 -1.08884750E-02 13 -1.06091350E-02 14 -2.43012398E-03 15 1.46597996E-02
 4170 1 6 0.00000000E+00 10 0.668285489 11 0.325784057 12 1.25568602E-02 13 -8.90612043E-03 14 -4.58948687E-03 15 6.86918711E-03
 4171 1 6 0.00000000E+00 10 0.765336812 11 0.205873787 12 3.86285372E-02 13 -5.65457344E-03 14 -4.78338404E-03 15 5.98844897E-04
 4172 1 6 0.00000000E+00 10 0.829598367 11 0.102739252 12 7.59058148E-02 13 -5.31084416E-03 14 -5.47865697E-04 15 -2.38473085E-03
 4173 1 6 0.00000000E+00 10 0.811988831 11 5.10933362E-02 12 0.137417227 13 -1.21905534E-02 14 1.12070311E-02 15 4.84152028E-04
 4174 1 6 0.00000000E+00 10 0.758477449 12 0.203631848 11 2.57503688E-02 13 -2.25549415E-02 14 2.83194184E-02 15 6.37587486E-03
 4175 1 6 0.00000000E+00 10 0.702215791 12 0.260363728 11 8.18124227E-03 13 -3.31108421E-02 14 4.90783155E-02 15 1.32717397E-02
 4176 1 6 0.00000000E+00 10 0.650297344 12 0.303722590 11 -5.10010077E-03 13 -4.24754843E-02 14 7.28489012E-02 15 2.07067542E-02
 4205 1 3 0.00000000E+00 9 0.690432787 8 7.84498751E-02 14 0.231117338
 4233 1 6 0.00000000E+00 11 0.669804811 10 0.340772867 13 1.64315780E-03 12 -4.16017063E-02 14 2.16928730E-03 15 2.72115786E-02
 4234 1 6 0.00000000E+00 11 0.619925857 10 0.391753495 12 -1.77876540E-02 13 -9.17870272E-03 14 -1.51061034E-03 15 1.67976096E-02
 4235 1 6 0.00000000E+00 11 0.533300638 10 0.461303890 12 1.33272046E-02 13 -1.10717937E-02 14 -4.98537859E-03 15 8.12545605E-03
 4236 1 6 0.00000000E+00 10 0.542246997 11 0.419712603 12 5.13326004E-02 13 -7.27458531E-03 14 -7.36920536E-03 15 1.35155825E-03
 4237 1 6 0.00000000E+00 10 0.618740916 11 0.298730940 12 9.63416100E-02 13 -3.38509446E-03 14 -7.17848958E-03 15 -3.24988458E-03
 4238 1 6 0.00000000E+00 10 0.667498767 11 0.193014205 12 0.150810048 13 -3.96645628E-03 14 -2.48411181E-03 15 -4.87244176E-03
 4239 1 6 0.00000000E+00 10 0.673385441 11 0.117312461 12 0.214771971 13 -1.06864702E-02 14 8.18450935E-03 15 -2.96789571E-03
 4240 1 6 0.00000000E+00 10 0.648482919 12 0.279378623 11 6.74259514E-02 13 -2.15859599E-02 14 2.47071367E-02 15 1.59136544E-03
 4241 1 6 0.00000000E+00 10 0.611619711 12 0.334516227 11 3.34902294E-02 13 -3.35578322E-02 14 4.63003479E-02 15 7.63132330E-03
 4242 1 6 0.00000000E+00 10 0.573077083 12 0.374805152 11 9.75355972E-03 13 -4.43205722E-02 14 7.21601173E-02 15 1.45246824E-02
 4243 1 6 0.00000000E+00 10 0.537021577 12 0.399067372 11 -6.67050434E-03 13 -5.27205803E-02 14 0.101269417 15 2.20326800E-02
 4271 1 3 0.00000000E+00 9 0.661250591 8 8.62045586E-02 14 0.252544850
 4299 1 6 0.00000000E+00 11 0.771661758 10 0.235548794 13 5.56088425E-03 12 -3.55440304E-02 14 1.31125015E-03 15 2.14613471E-02
 4300 1 6 0.00000000E+00 11 0.735128164 10 0.270787597 13 -8.90002679E-03 12 -5.30656101E-03 14 -2.41575623E-03 15 1.07065951E-02
 4301 1 6 0.00000000E+00 11 0.642613411 10 0.331324339 12 3.74065377E-02 13 -7.41258822E-03 14 -6.52458193E-03 15 2.59288074E-03
 4304 1 6 0.00000000E+00 10 0.516385794 11 0.265496105 12 0.224090353 13 7.13457121E-03 14 -5.88532444E-03 15 -7.22147059E-03
 4305 1 6 0.00000000E+00 10 0.533304513 11 0.173243940 12 0.297150314 13 -2.14558025E-03 14 4.03830875E-03 15 -5.59153315E-03
 4306 1 6 0.00000000E+00 10 0.526989162 12 0.365474641 11 0.105476841 13 -1.64410584E-02 14 2.03513671E-02 15 -1.85094425E-03
 4307 1 6 0.00000000E+00 10 0.507665753 12 0.420402765 11 5.72748967E-02 13 -3.17543037E-02 14 4.30501625E-02 15 3.36069753E-03
 4308 1 6 0.00000000E+00 10 0.483682096 12 0.456523180 11 2.36702580E-02 13 -4.49308231E-02 14 7.14992881E-02 15 9.55600943E-03
 4309 1 6 0.00000000E+00 12 0.473132521 10 0.459678560 11 8.80102161E-04 13 -5.45435548E-02 14 0.104356274 15 1.64960772E-02
 4310 1 6 0.00000000E+00 12 0.473108232 10 0.437563658 11 -1.39162932E-02 13 -6.06534854E-02 14 0.139771476 15 2.41264068E-02
 4366 1 6 0.00000000E+00 11 0.862408638 10 0.138649136 13 -6.07309816E-03 12 1.83928781E-03 14 -1.98542979E-03 15 5.16146608E-03
 4367 1 6 0.00000000E+00 11 0.747629285 10 0.198395714 12 5.72492406E-02 13 6.20011147E-03 14 -7.43904477E-03 15 -2.03531655E-03
 4368 1 6 0.00000000E+00 11 0.591416955 10 0.272821069 12 0.127582818 13 2.66887844E-02 14 -1.21720908E-02 15 -6.33753836E-03
 4369 1 6 0.00000000E+00 11 0.442104429 10 0.336276025 12 0.207698628 13 3.63729596E-02 14 -1.37365293E-02 15 -8.71551130E-03
 4370 1 6 0.00000000E+00 10 0.379927903 11 0.313425601 12 0.294264853 13 3.22013125E-02 14 -1.06826881E-02 15 -9.13696550E-03
 4371 1 6 0.00000000E+00 10 0.401876926 12 0.381167829 11 0.209696263 13 1.65483337E-02 14 -1.69767952E-03 15 -7.59167457E-03
 4372 1 6 0.00000000E+00 12 0.458668411 10 0.406004995 11 0.130462885 13 -5.25685586E-03 14 1.44605506E-02 15 -4.33999114E-03
 4373 1 6 0.00000000E+00 12 0.516175508 10 0.399344862 11 7.26053566E-02 13 -2.69517899E-02 14 3.86300199E-02 15 1.96021123E-04
 4374 1 6 0.00000000E+00 12 0.547398210 10 0.388286859 11 3.21056060E-02 13 -4.39734943E-02 14 7.05226585E-02 15 5.66013716E-03
 4375 1 6 0.00000000E+00 12 0.553313315 10 0.376528054 11 4.95814346E-03 13 -5.50093651E-02 14 0.108318083 15 1.18917990E-02
 4376 1 6 0.00000000E+00 12 0.539973736 10 0.365407705 13 -6.11626394E-02 11 -1.23763112E-02 14 0.149253994 15 1.89034976E-02
 4377 1 6 0.00000000E+00 12 0.514370978 10 0.355131596 13 -6.41682819E-02 11 -2.27130335E-02 14 0.190582708 15 2.67960541E-02
 4432 1 6 0.00000000E+00 11 1.00000000 10 0.00000000E+00 13 0.00000000E+00 12 0.00000000E+00 14 0.00000000E+00 15 0.00000000E+00
 4434 1 6 0.00000000E+00 11 0.621954143 10 0.164282173 12 0.157615915 13 7.95254782E-02 14 -1.53097399E-02 15 -8.06795713E-03
 4435 1 6 0.00000000E+00 11 0.464177787 12 0.253399163 10 0.222571462 13 8.80363733E-02 14 -1.81121323E-02 15 -1.00726373E-02
 4436 1 6 0.00000000E+00 11 0.330581605 12 0.357943118 10 0.262086779 13 7.61335790E-02 14 -1.64073464E-02 15 -1.03377327E-02
 4437 1 6 0.00000000E+00 12 0.463758707 11 0.221958056 10 0.283613116 13 4.83496264E-02 14 -8.81973747E-03 15 -8.85976385E-03
 4438 1 6 0.00000000E+00 12 0.557189584 10 0.291456103 11 0.137483433 13 1.30785881E-02 14 6.70269923E-03 15 -5.91043290E-03
 4439 1 6 0.00000000E+00 12 0.621211767 10 0.292310476 11 7.51688257E-02 13 -1.92695148E-02 14 3.24948914E-02 15 -1.91646139E-03
 4440 1 6 0.00000000E+00 12 0.645874560 10 0.291801125 13 -4.14950512E-02 11 3.19300331E-02 14 6.90948293E-02 15 2.79450719E-03
 4441 1 6 0.00000000E+00 12 0.636190414 10 0.291841388 13 -5.34654967E-02 11 3.60192521E-03 14 0.113654658 15 8.17711465E-03
 4442 1 6 0.00000000E+00 12 0.604986012 10 0.291940838 13 -5.89769073E-02 11 -1.40380636E-02 14 0.161700025 15 1.43880919E-02
 4443 1 6 0.00000000E+00 12 0.563228428 10 0.291422874 13 -6.13716654E-02 14 0.209399164 11 -2.43125111E-02 15 2.16337387E-02
 4444 1 7 0.00000000E+00 12 0.512325287 10 0.264675826 14 0.235558465 13 -6.53175339E-02 11 -3.74521017E-02 15 4.25067591E-03 9 8.59594196E-02
 4476 1 2 0.00000000E+00 9 0.723007679 8 0.276992321
 4498 1 6 0.00000000E+00 11 0.854438066 13 0.130809560 10 -3.61555908E-03 12 2.00176872E-02 14 -6.15844084E-03 15 4.50866530E-03
 4499 1 6 0.00000000E+00 11 0.741937101 13 0.149748072 12 8.82051140E-02 10 3.60920057E-02 14 -1.28347678E-02 15 -3.14750662E-03
 4500 1 6 0.00000000E+00 11 0.588873804 13 0.169907987 12 0.177822217 10 9.00897011E-02 14 -1.89648923E-02 15 -7.72881741E-03
 4501 1 6 0.00000000E+00 11 0.442548543 12 0.285327643 13 0.169356465 10 0.135278836 14 -2.22993623E-02 15 -1.02121392E-02
 4502 1 6 0.00000000E+00 12 0.408073187 11 0.314924210 13 0.143649131 10 0.165787354 14 -2.17543673E-02 15 -1.06795169E-02
 4503 1 6 0.00000000E+00 12 0.538381934 11 0.209022090 13 9.65636000E-02 10 0.181429267 14 -1.61121543E-02 15 -9.28473566E-03
 4504 1 6 0.00000000E+00 12 0.658226609 13 3.92669700E-02 11 0.125128493 10 0.186446294 14 -2.61330232E-03 15 -6.45508245E-03
 4505 1 6 0.00000000E+00 12 0.735891044 13 -1.00139566E-02 10 0.189537600 11 6.32215366E-02 14 2.42220089E-02 15 -2.85825320E-03
 4506 1 6 0.00000000E+00 12 0.749036729 13 -3.75524387E-02 10 0.197920352 11 2.19524503E-02 14 6.76244572E-02 15 1.01847725E-03
 4507 1 6 0.00000000E+00 12 0.714916468 10 0.209834427 13 -4.82179709E-02 11 -3.66246677E-03 14 0.121783793 15 5.34577388E-03
 4508 1 6 0.00000000E+00 12 0.660695136 10 0.221041888 13 -5.20485081E-02 14 0.178774789 11 -1.90098453E-02 15 1.05465539E-02
 4509 1 6 0.00000000E+00 12 0.601104081 10 0.229838982 13 -5.40070198E-02 14 0.233738601 11 -2.76344419E-02 15 1.69597920E-02
 4510 1 7 0.00000000E+00 12 0.537659526 14 0.267611533 10 0.213715434 13 -5.81831113E-02 11 -3.87057774E-02 15 2.03527929E-03 9 7.58671165E-02
 4541 1 2 0.00000000E+00 9 0.723087907 8 0.276912123
 4542 1 2 0.00000000E+00 9 0.713713050 8 0.286286920
 4543 1 2 0.00000000E+00 9 0.703498304 8 0.296501696
 4564 1 6 0.00000000E+00 11 0.718073249 13 0.264258355 12 2.60469671E-02 10 -7.88396131E-03 14 -9.96200740E-03 15 9.46741644E-03
 4565 1 6 0.00000000E+00 11 0.629937947 13 0.281552166 12 9.16226283E-02 10 1.27857178E-02 14 -1.62555203E-02 15 3.57049430E-04
 4566 1 6 0.00000000E+00 11 0.509053767 13 0.293235928 12 0.180748612 10 4.44885604E-02 14 -2.16898788E-02 15 -5.83700743E-03
 4567 1 6 0.00000000E+00 11 0.384106189 13 0.281821698 12 0.294509739 10 7.35107958E-02 14 -2.46260874E-02 15 -9.32232756E-03
 4568 1 6 0.00000000E+00 12 0.432487667 13 0.238906294 11 0.270775795 10 9.22639221E-02 14 -2.42080037E-02 15 -1.02256685E-02
 4569 1 6 0.00000000E+00 12 0.589796007 13 0.166506693 11 0.174408630 10 9.83513221E-02 14 -2.01900341E-02 15 -8.87260679E-03
 4570 1 6 0.00000000E+00 12 0.751159370 13 7.60588497E-02 11 9.57170948E-02 10 9.40281674E-02 14 -1.10893212E-02 15 -5.87417604E-03
 4571 1 6 0.00000000E+00 12 0.861440003 13 -2.01882818E-03 11 3.73212397E-02 10 9.21429992E-02 14 1.34776914E-02 15 -2.36308714E-03
 4572 1 6 0.00000000E+00 12 0.846170783 13 -2.95134131E-02 10 0.110868916 11 3.53598781E-03 14 6.85267895E-02 15 4.10908367E-04
 4573 1 6 0.00000000E+00 12 0.774277925 13 -3.43780443E-02 10 0.135789827 11 -1.52388895E-02 14 0.136170477 15 3.37867602E-03
 4574 1 6 0.00000000E+00 12 0.695399880 13 -3.68111432E-02 14 0.203175947 10 0.157022685 11 -2.61490587E-02 15 7.36166630E-03
 4575 1 6 0.00000000E+00 12 0.620147526 14 0.265482873 13 -3.99973951E-02 10 0.173571125 11 -3.19599062E-02 15 1.27557712E-02
 4576 1 6 0.00000000E+00 12 0.551036775 14 0.321069449 13 -4.38924432E-02 10 0.186114207 11 -3.42311114E-02 15 1.99031215E-02
 4577 1 7 0.00000000E+00 12 0.483637691 14 0.350982517 13 -5.06691150E-02 10 0.171434194 11 -4.15332355E-02 15 4.56876773E-03 9 8.15791860E-02
 4578 1 8 0.00000000E+00 12 0.427455395 14 0.385310590 13 -5.55697754E-02 10 0.172493890 11 -4.21046168E-02 15 -1.25345693E-03 9 9.50662047E-02 16 1.86017696E-02
 4606 1 3 0.00000000E+00 9 0.542551577 8 0.157229349 14 0.300219089
 4607 1 2 0.00000000E+00 9 0.713005602 8 0.286994398
 4630 1 6 0.00000000E+00 11 0.591544449 13 0.397484511 12 1.79657266E-02 10 -1.12260049E-02 14 -1.09226461E-02 15 1.51539696E-02
 4631 1 6 0.00000000E+00 11 0.510480106 13 0.425363898 12 7.68137053E-02 10 -2.27730343E-04 14 -1.71798840E-02 15 4.74988297E-03
 4634 1 6 0.00000000E+00 12 0.416519791 13 0.364964753 11 0.206746489 10 4.14780676E-02 14 -2.05823313E-02 15 -9.12677404E-03
 4637 1 6 0.00000000E+00 12 1.00000000 13 0.00000000E+00 11 0.00000000E+00 10 0.00000000E+00 14 0.00000000E+00 15 0.00000000E+00
 4638 1 6 0.00000000E+00 12 0.887635529 13 1.91524031E-03 11 -1.65132098E-02 10 4.29369323E-02 14 8.33754167E-02 15 6.50088827E-04
 4639 1 6 0.00000000E+00 12 0.786575556 13 -1.98418507E-03 14 0.163215354 10 7.71639571E-02 11 -2.71753147E-02 15 2.20461679E-03
 4640 1 6 0.00000000E+00 12 0.695340633 13 -9.09974799E-03 14 0.238061041 10 0.104158424 11 -3.33439969E-02 15 4.88363113E-03
 4641 1 7 0.00000000E+00 12 0.613123596 14 0.305049628 13 -1.84337609E-02 10 0.123414166 11 -3.72788869E-02 15 -3.27334250E-03 16 1.73986163E-02
 4642 1 7 0.00000000E+00 12 0.539442778 14 0.364693195 13 -2.76210550E-02 10 0.139295965 11 -3.79604883E-02 15 -1.55760627E-03 16 2.37072185E-02
 4643 1 7 0.00000000E+00 12 0.474080563 14 0.414650470 13 -3.62862349E-02 10 0.151562542 11 -3.69057581E-02 15 2.02324335E-03 16 3.08751892E-02
 4644 1 8 0.00000000E+00 12 0.411526233 14 0.437453896 13 -4.57252190E-02 10 0.138737515 11 -4.09109481E-02 15 -1.75659894E-03 16 1.68471802E-02 9 8.38279352E-02
 4667 1 6 0.00000000E+00 9 0.459023684 14 0.158001378 15 8.64023045E-02 8 7.24493861E-02 16 0.148892075 12 7.52311721E-02
 4668 1 4 0.00000000E+00 9 0.491988957 14 0.210422307 15 0.192964271 8 0.104624458
 4673 1 3 0.00000000E+00 9 0.520027101 8 0.170776546 14 0.309196383
 4696 1 6 0.00000000E+00 13 0.524028480 11 0.476842225 12 -1.54547987E-03 10 -1.29421111E-02 14 -8.46638530E-03 15 2.20832787E-02
 4697 1 6 0.00000000E+00 13 0.571255088 11 0.395723015 12 4.47052754E-02 10 -7.19636166E-03 14 -1.47031769E-02 15 1.02161700E-02
 4700 1 6 0.00000000E+00 13 0.519563377 12 0.353690863 11 0.131790414 10 1.14727682E-02 14 -9.22410190E-03 15 -7.29333190E-03
 4701 1 6 0.00000000E+00 12 0.523433685 13 0.398260802 11 7.28536993E-02 10 5.41170733E-03 14 5.64977061E-03 15 -5.60964877E-03
 4702 1 6 0.00000000E+00 12 0.696802497 13 0.260401368 11 2.48382203E-02 10 -5.62940212E-03 14 2.61854380E-02 15 -2.59809894E-03
 4704 1 6 0.00000000E+00 12 0.804348886 13 8.39714780E-02 14 0.128308415 11 -2.82709841E-02 10 1.03395656E-02 15 1.30262156E-03
 4705 1 6 0.00000000E+00 12 0.733812094 13 5.41499369E-02 14 0.206996083 11 -3.56716141E-02 10 3.86833176E-02 15 2.03017239E-03
 4706 1 7 0.00000000E+00 12 0.654294908 14 0.284031838 13 3.13461386E-02 11 -3.92703675E-02 10 6.36048317E-02 15 -2.97596678E-03 16 8.96865129E-03
 4707 1 7 0.00000000E+00 12 0.577290416 14 0.355800688 13 1.17838793E-02 10 8.48952383E-02 11 -3.99117358E-02 15 -3.66894901E-03 16 1.38104679E-02
 4708 1 7 0.00000000E+00 12 0.506150603 14 0.419056267 13 -5.44758234E-03 10 0.102288462 11 -3.87777984E-02 15 -2.82913772E-03 16 1.95591971E-02
 4709 1 7 0.00000000E+00 12 0.442292243 14 0.471430361 13 -2.02743188E-02 10 0.116445139 11 -3.64675410E-02 15 2.62615504E-04 16 2.63114851E-02
 4710 1 8 0.00000000E+00 14 0.496993691 12 0.381799489 13 -3.41331810E-02 10 0.108703718 11 -3.88328619E-02 15 -2.11079302E-03 16 1.50207970E-02 9 7.25591555E-02
 4711 1 8 0.00000000E+00 14 0.520636678 12 0.332941532 13 -4.40020412E-02 10 0.114251271 11 -3.65465730E-02 15 4.95128101E-03 16 1.99217126E-02 9 8.78461450E-02
 4712 1 8 0.00000000E+00 14 0.531595349 12 0.291568935 13 -5.13074622E-02 10 0.117940500 11 -3.41602974E-02 15 1.44687686E-02 16 2.55611464E-02 9 0.104333058
 4733 1 4 0.00000000E+00 9 0.498756975 14 0.221982852 15 0.102147721 16 0.177112445
 4735 1 3 0.00000000E+00 9 0.553563356 14 0.222010836 15 0.224425793
 4739 1 3 0.00000000E+00 9 0.502393901 8 0.174463078 14 0.323143005
 4762 1 6 0.00000000E+00 13 0.632565558 11 0.377652615 12 -2.62908190E-02 10 -1.31588858E-02 14 -1.84111693E-03 15 3.10726762E-02
 4763 1 6 0.00000000E+00 13 0.703167737 11 0.293594301 12 3.29547399E-03 10 -1.00584701E-02 14 -7.74318166E-03 15 1.77441183E-02
 4764 1 6 0.00000000E+00 13 0.770861745 11 0.195314527 12 4.46723402E-02 10 -4.05273307E-03 14 -1.21511472E-02 15 5.35525288E-03
 4765 1 6 0.00000000E+00 13 0.787452102 12 0.119361944 11 0.105514497 10 1.91234256E-04 14 -9.32466146E-03 15 -3.19513353E-03
 4766 1 6 0.00000000E+00 13 0.686625719 12 0.256182969 11 5.48994131E-02 10 -2.75207008E-03 14 8.89893528E-03 15 -3.85496952E-03
 4767 1 6 0.00000000E+00 13 0.535582066 12 0.415591240 11 2.30543390E-02 10 -9.90181137E-03 14 3.67698520E-02 15 -1.09568820E-03
 4770 1 7 0.00000000E+00 12 0.670065284 13 0.178898573 14 0.186268985 11 -3.55260894E-02 10 -3.93828610E-03 15 3.72613664E-03 16 5.05399134E-04
 4771 1 7 0.00000000E+00 12 0.637272000 13 0.121387750 14 0.261984557 11 -4.06767279E-02 10 1.53887132E-02 15 1.63115386E-03 16 3.01253260E-03
 4772 1 7 0.00000000E+00 12 0.580735862 14 0.340117484 13 7.95514211E-02 11 -4.18284088E-02 10 3.60828005E-02 15 -9.05217254E-04 16 6.24604756E-03
 4773 1 7 0.00000000E+00 12 0.516841829 14 0.414748877 13 4.64717560E-02 11 -4.06554304E-02 10 5.52213565E-02 15 -2.95507000E-03 16 1.03266807E-02
 4774 1 7 0.00000000E+00 12 0.453433603 14 0.481382757 13 1.93265881E-02 10 7.19836727E-02 11 -3.80886719E-02 15 -3.44464299E-03 16 1.54067175E-02
 4775 1 7 0.00000000E+00 14 0.536124766 12 0.394653291 13 -2.89914012E-03 10 8.64319652E-02 11 -3.47464494E-02 15 -1.21667236E-03 16 2.16522124E-02
 4776 1 7 0.00000000E+00 14 0.576008856 12 0.342822194 13 -2.05525439E-02 10 9.89279300E-02 11 -3.10763624E-02 15 4.66940831E-03 16 2.92005148E-02
 4777 1 8 0.00000000E+00 14 0.585021377 12 0.294139802 13 -3.56126465E-02 10 8.96761045E-02 11 -3.29964906E-02 15 5.91745833E-03 16 1.81580354E-02 9 7.56963268E-02
 4778 1 8 0.00000000E+00 14 0.590823531 12 0.256950915 13 -4.54825722E-02 10 9.50614065E-02 15 1.74007136E-02 11 -3.05648744E-02 16 2.41534021E-02 9 9.16574821E-02
 4802 1 4 0.00000000E+00 9 0.502440572 14 0.196788236 15 0.101589009 16 0.199182168
 4803 1 3 0.00000000E+00 9 0.549507856 14 0.212175593 15 0.238316566
 4804 1 3 0.00000000E+00 9 0.555010557 14 0.206255823 15 0.238733619
 4828 1 6 0.00000000E+00 13 0.709026873 11 0.298527241 12 -4.77833748E-02 10 -1.25753814E-02 14 9.70938709E-03 15 4.30952683E-02
 4829 1 6 0.00000000E+00 13 0.792994857 11 0.214792773 12 -3.15531492E-02 10 -1.10859461E-02 14 5.67756686E-03 15 2.91738752E-02
 4830 1 6 0.00000000E+00 13 0.889842272 12 -1.47319417E-02 11 0.114346065 10 -6.54610666E-03 14 2.22222996E-03 15 1.48674725E-02
 4831 1 6 0.00000000E+00 13 1.00000000 12 0.00000000E+00 11 0.00000000E+00 10 0.00000000E+00 14 0.00000000E+00 15 0.00000000E+00
 4832 1 6 0.00000000E+00 13 0.810913980 12 0.161601588 11 -3.24464287E-03 14 3.51285748E-02 10 -8.98731221E-03 15 4.58777742E-03
 4837 1 7 0.00000000E+00 12 0.527378738 13 0.184170559 14 0.320714235 11 -4.25143577E-02 10 1.18804362E-03 15 7.58656766E-03 16 1.47621462E-03
 4838 1 7 0.00000000E+00 12 0.490438461 14 0.400559336 13 0.126627728 11 -4.19137515E-02 10 1.69108994E-02 15 3.58037371E-03 16 3.79695534E-03
 4839 1 7 0.00000000E+00 12 0.440423429 14 0.478771895 13 8.08689222E-02 11 -3.93748991E-02 10 3.27324159E-02 15 -4.02684003E-04 16 6.98091555E-03
 4840 1 7 0.00000000E+00 14 0.549853683 12 0.386267871 13 4.37356308E-02 11 -3.57067622E-02 10 4.75572348E-02 15 -2.95210816E-03 16 1.12444367E-02
 4841 1 7 0.00000000E+00 14 0.607985318 12 0.334054679 13 1.38067519E-02 10 6.11184314E-02 11 -3.15578878E-02 15 -2.25906167E-03 16 1.68517660E-02
 4842 1 7 0.00000000E+00 14 0.648015559 12 0.287894547 13 -9.46640503E-03 10 7.35586658E-02 11 -2.74414085E-02 15 3.38949589E-03 16 2.40495484E-02
 4843 1 8 0.00000000E+00 14 0.655257761 12 0.245840192 13 -2.80017182E-02 15 7.45331217E-03 10 6.81835636E-02 11 -2.83749998E-02 16 1.62418485E-02 9 6.34000376E-02
 4844 1 8 0.00000000E+00 14 0.653488934 12 0.214826688 13 -4.01683189E-02 15 2.16569453E-02 10 7.47245774E-02 11 -2.61353571E-02 16 2.26470567E-02 9 7.89594799E-02
 4867 1 4 0.00000000E+00 9 0.475346446 14 0.207910433 15 0.109245494 16 0.207497627
 4868 1 4 0.00000000E+00 9 0.482789010 14 0.199753538 15 0.106679305 16 0.210778147
 4869 1 4 0.00000000E+00 9 0.489163101 14 0.192628741 15 0.104355037 16 0.213853121
 4895 1 6 0.00000000E+00 13 0.821042478 11 0.166096598 12 -4.72364500E-02 10 -1.21043352E-02 14 2.63963379E-02 15 4.58053686E-02
 4896 1 6 0.00000000E+00 13 0.892646611 12 -2.85829324E-02 11 8.32081139E-02 10 -1.05818538E-02 14 2.99198125E-02 15 3.33902650E-02
 4897 1 6 0.00000000E+00 13 0.913946509 12 1.60847045E-02 11 1.31398495E-02 14 4.27402034E-02 10 -1.02337711E-02 15 2.43224762E-02
 4898 1 6 0.00000000E+00 13 0.820256710 12 0.114426479 11 -1.58796869E-02 14 7.33888969E-02 10 -1.48234079E-02 15 2.26310268E-02
 4903 1 7 0.00000000E+00 12 0.421105146 14 0.376985133 13 0.234031156 11 -4.16837707E-02 10 -8.38595070E-03 15 1.75102446E-02 16 4.38046001E-04
 4904 1 7 0.00000000E+00 12 0.396663904 14 0.459995329 13 0.166474342 11 -3.97690795E-02 10 3.22758965E-03 15 1.16819004E-02 16 1.72603771E-03
 4905 1 7 0.00000000E+00 14 0.543438017 12 0.357202232 13 0.110953391 11 -3.62188183E-02 10 1.56337880E-02 15 5.12922462E-03 16 3.86218587E-03
 4906 1 7 0.00000000E+00 14 0.621391237 12 0.310705572 13 6.50782809E-02 11 -3.16868052E-02 10 2.79202145E-02 15 -5.24388393E-04 16 7.11588655E-03
 4907 1 7 0.00000000E+00 14 0.685634255 12 0.264242649 13 2.78537031E-02 15 -2.56373617E-03 11 -2.68731136E-02 10 3.98224294E-02 16 1.18837971E-02
 4908 1 7 0.00000000E+00 14 0.726857841 12 0.223915115 13 -7.48540857E-04 15 2.30834144E-03 10 5.15156724E-02 11 -2.24697702E-02 16 1.86213441E-02
 4909 1 7 0.00000000E+00 14 0.740361214 12 0.193129510 13 -2.10045800E-02 15 1.56665016E-02 10 6.31637797E-02 11 -1.88822858E-02 16 2.75658350E-02
 4910 1 8 0.00000000E+00 14 0.717372775 12 0.167084426 13 -3.58594023E-02 15 2.80706920E-02 10 5.68978898E-02 11 -2.09508240E-02 16 2.10414063E-02 9 6.63430393E-02
 4911 1 8 0.00000000E+00 14 0.689301848 12 0.150376052 15 4.90941815E-02 13 -4.46812920E-02 10 6.32133856E-02 11 -1.97209287E-02 16 2.91194506E-02 9 8.32972974E-02
 4928 1 5 0.00000000E+00 9 0.387947947 14 0.211607561 15 0.127819359 16 0.191294208 12 8.13309401E-02
 4933 1 4 0.00000000E+00 9 0.456265152 14 0.209646225 15 0.114549272 16 0.219539344
 4935 1 4 0.00000000E+00 9 0.470733255 14 0.194877312 15 0.108855464 16 0.225533962
 4970 1 7 0.00000000E+00 14 0.512779355 12 0.307997018 13 0.196536556 11 -3.57284583E-02 10 -6.71134936E-03 15 2.49369107E-02 16 1.89972285E-04
 4971 1 7 0.00000000E+00 14 0.602664530 12 0.274962068 13 0.134681016 11 -3.15486826E-02 15 1.54868159E-02 10 2.60178931E-03 16 1.15247897E-03
 4972 1 7 0.00000000E+00 14 0.690638125 12 0.232960358 13 8.18469748E-02 15 5.54876309E-03 11 -2.63282582E-02 10 1.21586313E-02 16 3.17540625E-03
 4973 1 7 0.00000000E+00 14 0.766405463 12 0.189292610 13 3.78618874E-02 15 -1.36299827E-03 11 -2.08324753E-02 10 2.18541697E-02 16 6.78133871E-03
 4974 1 7 0.00000000E+00 14 0.812078059 12 0.153277531 13 4.29650303E-03 15 1.41508714E-03 11 -1.61788017E-02 10 3.22633311E-02 16 1.28482906E-02
 4975 1 7 0.00000000E+00 14 0.815552533 12 0.131286681 13 -1.78688932E-02 15 1.83474850E-02 11 -1.31458109E-02 10 4.38514613E-02 16 2.19765473E-02
 4977 1 8 0.00000000E+00 14 0.733951390 12 0.109327152 15 6.48377091E-02 13 -4.13169302E-02 10 4.86244224E-02 11 -1.49782114E-02 16 2.82542091E-02 9 7.13002533E-02
 4978 1 8 0.00000000E+00 14 0.686059654 12 0.103834443 15 8.96001682E-02 13 -4.69218194E-02 10 5.47037683E-02 11 -1.46564934E-02 16 3.81547175E-02 9 8.92255604E-02
 5001 1 4 0.00000000E+00 9 0.453122526 14 0.196277633 15 0.113096945 16 0.237502888
 5029 1 7 0.00000000E+00 13 0.772476077 12 1.84913948E-02 11 3.25933471E-02 14 0.114995971 10 -2.04572510E-02 15 6.30804524E-02 16 1.88200045E-02
 5037 1 7 0.00000000E+00 14 0.648007452 12 0.200195193 13 0.152155459 15 3.35249268E-02 11 -2.59705540E-02 10 -7.07992446E-03 16 -8.32570717E-04
 5038 1 7 0.00000000E+00 14 0.747081161 12 0.160018846 13 9.44568515E-02 15 1.90529730E-02 11 -2.02987157E-02 10 -1.41877259E-04 16 -1.69211125E-04
 5039 1 7 0.00000000E+00 14 0.842579126 12 0.114611335 13 4.39251103E-02 15 4.11996804E-03 11 -1.39208548E-02 10 6.86675776E-03 16 1.81858917E-03
 5040 1 7 0.00000000E+00 14 0.903243780 12 7.80888125E-02 13 4.72545903E-03 15 6.70349458E-04 11 -8.64766538E-03 10 1.52565520E-02 16 6.66272920E-03
 5041 1 7 0.00000000E+00 14 0.885812759 12 6.86774626E-02 15 2.55510136E-02 13 -1.67337339E-02 11 -6.88172970E-03 10 2.71385256E-02 16 1.64356977E-02
 5065 1 5 0.00000000E+00 9 0.374820709 14 0.184413284 15 0.110925667 16 0.133399442 17 0.196440905
 5066 1 5 0.00000000E+00 9 0.381345958 15 0.106558651 14 0.176326618 16 0.131800264 17 0.203968510
 5067 1 5 0.00000000E+00 9 0.387055188 15 0.102586798 14 0.169149265 16 0.130013451 17 0.211195290
 5104 1 7 0.00000000E+00 14 0.772590041 12 0.100650795 13 0.105539709 15 4.68362309E-02 11 -1.47384899E-02 10 -8.74297414E-03 16 -2.13529752E-03
 5105 1 7 0.00000000E+00 14 0.882642925 12 5.40069640E-02 13 5.07903732E-02 15 2.61745118E-02 11 -7.92557560E-03 10 -4.07369016E-03 16 -1.61553163E-03
 5106 1 7 0.00000000E+00 14 1.00000000 12 0.00000000E+00 15 0.00000000E+00 13 0.00000000E+00 11 0.00000000E+00 10 0.00000000E+00 16 0.00000000E+00
 5107 1 7 0.00000000E+00 14 0.919785440 12 1.85822789E-02 15 4.96725813E-02 13 -1.28523363E-02 11 -1.80648011E-03 10 1.43149793E-02 16 1.23035442E-02
 5108 1 7 0.00000000E+00 14 0.846502781 15 9.30450410E-02 12 3.25528383E-02 13 -2.29307767E-02 11 -2.78551085E-03 10 2.77051181E-02 16 2.59105116E-02
 5125 1 6 0.00000000E+00 14 0.214698911 15 0.150167972 16 0.143072695 9 0.291428268 12 5.25219403E-02 17 0.148110226
 5131 1 5 0.00000000E+00 9 0.355998218 15 0.114649057 14 0.182060480 16 0.141263738 17 0.206028491
 5173 1 7 0.00000000E+00 14 0.874027908 15 0.107942469 12 -1.37759617E-03 13 8.37799627E-04 11 -2.94603815E-04 10 7.36166677E-03 16 1.15023591E-02
 5174 1 7 0.00000000E+00 14 0.816508293 15 0.144481376 12 9.62561928E-03 13 -1.31904604E-02 11 -8.09524907E-04 10 1.91316120E-02 16 2.42530908E-02
 5175 1 7 0.00000000E+00 14 0.755369782 15 0.178197861 12 2.07621511E-02 13 -2.30657067E-02 11 -1.12327794E-03 16 3.91528681E-02 10 3.07063088E-02
 5191 1 6 0.00000000E+00 15 0.158360809 14 0.209888101 16 0.154556066 9 0.274264067 12 4.80862036E-02 17 0.154844746
 5197 1 5 0.00000000E+00 9 0.337877274 15 0.117897920 16 0.149388909 14 0.178821489 17 0.216014415
 5198 1 5 0.00000000E+00 9 0.344729483 16 0.146654457 15 0.112644389 14 0.171682134 17 0.224289551
 5239 1 7 0.00000000E+00 14 0.791118503 15 0.183212072 12 -6.81921560E-03 13 1.70828179E-02 11 -2.43000206E-04 16 1.19822565E-02 10 3.66653991E-03
 5241 1 7 0.00000000E+00 14 0.706535637 15 0.238456428 12 7.30167935E-03 13 -1.40888691E-02 16 3.81510220E-02 11 -9.06839487E-05 10 2.37347931E-02
 5256 1 7 0.00000000E+00 15 0.177640796 14 0.219984546 16 0.166369125 9 0.247214139 12 5.56434467E-02 17 0.151501089 13 -1.83531269E-02
 5257 1 6 0.00000000E+00 15 0.165937036 14 0.203608334 16 0.166995123 9 0.257767379 17 0.161842912 12 4.38491926E-02
 5261 1 5 0.00000000E+00 15 0.133791775 16 0.163737580 14 0.190305859 9 0.304488689 17 0.207676083
 5262 1 5 0.00000000E+00 16 0.160932198 15 0.126867130 9 0.312783062 14 0.182118893 17 0.217298716
 5263 1 5 0.00000000E+00 16 0.157759517 15 0.120591931 9 0.320426047 14 0.174759328 17 0.226463169
 5308 1 7 0.00000000E+00 14 0.601566315 15 0.324810028 12 6.88692788E-03 13 -1.63970459E-02 16 5.47468960E-02 11 7.36343209E-04 10 2.76505332E-02
 5331 1 5 0.00000000E+00 16 0.157797232 9 0.317260742 17 0.255009472 15 0.111263528 14 0.158669055
 5367 1 7 0.00000000E+00 14 0.531593204 15 0.275860548 13 0.187335685 12 1.87937170E-02 11 -1.89242023E-03 10 -1.80088263E-02 16 6.31808257E-03
 5393 1 5 0.00000000E+00 16 0.184604660 15 0.139001757 14 0.177037328 17 0.228060514 9 0.271295726
 5394 1 5 0.00000000E+00 16 0.180017695 15 0.131082624 17 0.238857627 14 0.170415983 9 0.279626071
 5395 1 5 0.00000000E+00 16 0.175107315 15 0.123996310 17 0.249031216 14 0.164458528 9 0.287406623
 5398 1 5 0.00000000E+00 16 0.159695342 17 0.275467694 15 0.107105039 9 0.307481468 14 0.150250480
 5434 1 7 0.00000000E+00 14 0.501388311 15 0.358688802 13 0.145302802 12 8.57336971E-04 11 1.08174025E-03 16 6.68757828E-03 10 -1.40065914E-02
 5452 1 7 0.00000000E+00 15 0.231628582 16 0.210448757 14 0.214780599 17 0.144347221 12 4.11013812E-02 9 0.180632040 13 -2.29385607E-02
 5459 1 5 0.00000000E+00 16 0.195619911 15 0.140236124 17 0.239163533 14 0.169368133 9 0.255612284
 5461 1 5 0.00000000E+00 16 0.183978558 15 0.124557607 17 0.261305362 14 0.158382818 9 0.271775663
 5462 1 5 0.00000000E+00 16 0.177893728 17 0.271254569 15 0.118012354 14 0.153733030 9 0.279106289
 5464 1 5 0.00000000E+00 17 0.288765073 16 0.165814340 15 0.107133746 9 0.292285353 14 0.146001473
 5518 1 7 0.00000000E+00 15 0.238300711 16 0.230680972 14 0.199310377 17 0.149630919 12 3.66410837E-02 13 -2.20417827E-02 9 0.167477727
 5528 1 5 0.00000000E+00 16 0.185702577 17 0.284753561 15 0.117587209 14 0.147851765 9 0.264104903
 5531 1 5 0.00000000E+00 17 0.310517520 16 0.165073976 15 0.102048151 9 0.283672661 14 0.138687700
 5641 1 8 0.00000000E+00 15 0.584487498 14 0.229813412 16 0.138463587 12 4.82366933E-03 13 -2.37097722E-02 17 4.41287570E-02 11 1.46926788E-04 10 2.18459424E-02
 5649 1 6 0.00000000E+00 15 0.281401247 16 0.294923961 14 0.198087037 17 0.178708255 12 5.64897433E-02 13 -9.61024966E-03
 5650 1 6 0.00000000E+00 15 0.257979333 16 0.296902955 14 0.192538172 17 0.198601618 12 6.01929650E-02 13 -6.21501869E-03
 5713 1 6 0.00000000E+00 15 0.338321090 16 0.311076581 14 0.183643430 17 0.139215678 12 4.27385047E-02 13 -1.49952462E-02
 5715 1 6 0.00000000E+00 16 0.322076321 15 0.278871596 14 0.177452102 17 0.180326864 12 5.07558584E-02 13 -9.48273391E-03
 5724 1 4 0.00000000E+00 16 0.262404740 17 0.369611621 15 0.152484834 14 0.215498805
 5725 1 4 0.00000000E+00 16 0.252245247 17 0.385116786 15 0.146070197 14 0.216567755
 5726 1 4 0.00000000E+00 17 0.399244040 16 0.242397994 15 0.140584812 14 0.217773139
 5778 1 6 0.00000000E+00 15 0.370909184 16 0.334743112 14 0.159131274 17 0.117867135 12 3.36750075E-02 13 -1.63256992E-02
 5779 1 6 0.00000000E+00 15 0.333393395 16 0.345452726 14 0.159388319 17 0.138364807 12 3.77682783E-02 13 -1.43675273E-02
 5781 1 6 0.00000000E+00 16 0.352010995 15 0.272109121 14 0.157375291 17 0.182243258 12 4.55059335E-02 13 -9.24461801E-03
 5788 1 4 0.00000000E+00 16 0.294144988 17 0.345450222 15 0.162031844 14 0.198372945
 5789 1 4 0.00000000E+00 16 0.281829149 17 0.364471376 15 0.153662607 14 0.200036868
 5790 1 4 0.00000000E+00 16 0.269660234 17 0.382088095 15 0.146502689 14 0.201748997
 5834 1 8 0.00000000E+00 15 0.915783346 14 4.37852144E-02 16 1.74220316E-02 13 2.30616648E-02 12 -4.09873948E-03 11 2.80791009E-03 17 2.29492621E-03 10 -1.05636159E-03
 5835 1 8 0.00000000E+00 15 1.00000000 14 0.00000000E+00 16 0.00000000E+00 13 0.00000000E+00 12 0.00000000E+00 11 0.00000000E+00 17 0.00000000E+00 10 0.00000000E+00
 5836 1 8 0.00000000E+00 15 0.900426030 16 6.45406768E-02 14 3.13382745E-02 12 1.57041359E-05 13 -5.92985656E-03 17 6.34025410E-03 11 -1.46047059E-05 10 3.28352046E-03
 5837 1 7 0.00000000E+00 15 0.808217287 16 0.124869637 14 5.73994927E-02 12 2.79538962E-03 13 -1.14750592E-02 17 1.41365081E-02 11 4.05677082E-03
 5844 1 6 0.00000000E+00 15 0.360350132 16 0.375555813 14 0.134318694 17 0.115670972 12 2.94377469E-02 13 -1.53333563E-02
 5847 1 5 0.00000000E+00 16 0.384421110 15 0.260263890 14 0.137111932 17 0.184107676 12 3.40953656E-02
 5851 1 4 0.00000000E+00 16 0.348129034 15 0.186781362 17 0.289513469 14 0.175576150
 5857 1 4 0.00000000E+00 17 0.412771344 16 0.262731612 15 0.133906022 14 0.190591022
 5900 1 8 0.00000000E+00 15 0.884905338 16 6.56603798E-02 14 1.89020298E-02 13 2.65472606E-02 12 -4.66600154E-03 11 4.76372521E-03 17 3.81533918E-03 10 7.19248856E-05
 5901 1 8 0.00000000E+00 15 0.910704732 16 7.61173666E-02 14 -4.63549339E-04 13 8.96722823E-03 12 -1.95363187E-03 17 2.92456173E-03 11 2.50188704E-03 10 1.20143057E-03
 5909 1 6 0.00000000E+00 15 0.385739446 16 0.408927232 14 0.106530860 17 9.18784216E-02 12 2.20411532E-02 13 -1.51171228E-02
 5968 1 7 0.00000000E+00 15 0.793194234 16 0.187632725 14 1.54823356E-03 13 5.30628487E-03 12 -6.93148701E-04 17 7.32058054E-03 11 5.69110410E-03
 5974 1 6 0.00000000E+00 16 0.445097297 15 0.406992197 14 7.77005032E-02 17 6.79247379E-02 12 1.57108698E-02 13 -1.34256072E-02
 5975 1 6 0.00000000E+00 16 0.463193744 15 0.358195066 14 8.54997039E-02 17 8.77534747E-02 12 1.88412853E-02 13 -1.34832943E-02
 6040 1 6 0.00000000E+00 16 0.508212864 15 0.368158549 14 5.94826154E-02 17 6.22636974E-02 12 1.30984923E-02 13 -1.12162437E-02
 6041 1 6 0.00000000E+00 16 0.523205698 15 0.322180301 14 6.74675778E-02 17 8.29744190E-02 12 1.58879608E-02 13 -1.17159588E-02
 6043 1 6 0.00000000E+00 16 0.523588419 15 0.250753105 17 0.134369940 14 7.98390508E-02 12 2.19837092E-02 13 -1.05342092E-02
 6052 1 4 0.00000000E+00 16 0.332107067 17 0.403762043 15 0.123730294 14 0.140400589
 6055 1 4 0.00000000E+00 17 0.466432691 16 0.270474732 15 0.110305861 14 0.152786732
 6106 1 6 0.00000000E+00 16 0.577391088 15 0.320785165 14 4.44631800E-02 17 5.56399040E-02 12 1.06565747E-02 13 -8.93589389E-03
 6107 1 6 0.00000000E+00 16 0.588560343 15 0.278620213 14 5.21766245E-02 17 7.74012953E-02 12 1.31329605E-02 13 -9.89143550E-03
 6109 1 5 0.00000000E+00 16 0.576115131 15 0.215175375 17 0.132977471 14 6.38333410E-02 12 1.18987216E-02
 6114 1 4 0.00000000E+00 16 0.449811280 17 0.304136753 15 0.138866663 14 0.107185312
 6118 1 4 0.00000000E+00 16 0.337905794 17 0.422965229 15 0.112030029 14 0.127098948
 6121 1 4 0.00000000E+00 17 0.488115549 16 0.269787222 15 0.101439573 14 0.140657663
 6122 1 3 0.00000000E+00 17 0.531748593 16 0.264549613 15 0.203701749
 6172 1 6 0.00000000E+00 16 0.652144074 15 0.266267866 14 3.21123973E-02 17 4.78295833E-02 12 8.34863912E-03 13 -6.70253765E-03
 6175 1 4 0.00000000E+00 16 0.630743325 15 0.177262321 17 0.133793622 14 5.82007505E-02
 6186 1 4 0.00000000E+00 17 0.492345899 16 0.289433151 15 9.42896754E-02 14 0.123931266
 6188 1 3 0.00000000E+00 17 0.553575754 16 0.259357095 15 0.187067166
 6189 1 3 0.00000000E+00 17 0.568176210 16 0.242062435 15 0.189761385
 6231 1 6 0.00000000E+00 15 0.528302968 16 0.403435349 14 -2.17086123E-03 17 2.15409342E-02 13 4.65454496E-02 12 2.34618085E-03
 6235 1 6 0.00000000E+00 16 0.615269661 15 0.356639504 14 4.00259206E-03 17 1.16329947E-02 13 9.08757653E-03 12 3.36766406E-03
 6238 1 6 0.00000000E+00 16 0.732042730 15 0.205920845 17 3.85999121E-02 14 2.19102371E-02 12 6.14748849E-03 13 -4.62122960E-03
 6240 1 4 0.00000000E+00 16 0.714296579 15 0.151361823 17 9.64532644E-02 14 3.78883332E-02
 6246 1 4 0.00000000E+00 16 0.483360648 17 0.334481865 15 0.100816384 14 8.13411176E-02
 6247 1 4 0.00000000E+00 16 0.444883019 17 0.371373534 15 9.67866033E-02 14 8.69568512E-02
 6251 1 4 0.00000000E+00 17 0.494657815 16 0.312441558 15 8.57814327E-02 14 0.107119180
 6252 1 4 0.00000000E+00 17 0.518007576 16 0.285699159 15 8.41927528E-02 14 0.112100497
 6255 1 3 0.00000000E+00 17 0.591977835 16 0.233894601 15 0.174127579
 6296 1 6 0.00000000E+00 15 0.488144845 16 0.407752216 14 2.36135768E-03 17 3.36648040E-02 13 6.42160624E-02 12 3.86071391E-03
 6304 1 4 0.00000000E+00 16 0.816825092 15 0.140822709 17 2.78585199E-02 14 1.44936815E-02
 6305 1 4 0.00000000E+00 16 0.808786988 15 0.115096234 17 5.57268709E-02 14 2.03898959E-02
 6321 1 3 0.00000000E+00 17 0.617895305 16 0.223495379 15 0.158609331
 6361 1 6 0.00000000E+00 15 0.450265735 16 0.405658334 14 7.92605057E-03 17 4.84638959E-02 13 8.14257041E-02 12 6.26027957E-03
 6370 1 4 0.00000000E+00 16 0.906152606 15 7.19962940E-02 17 1.50207533E-02 14 6.83033373E-03
 6371 1 4 0.00000000E+00 16 0.881075203 15 5.72452098E-02 17 4.91703115E-02 14 1.25092464E-02
 6422 1 5 0.00000000E+00 15 0.415369034 16 0.349938691 14 4.81302775E-02 13 0.164130256 12 2.24317387E-02
 6427 1 6 0.00000000E+00 16 0.434801728 15 0.405430853 14 7.67573202E-03 17 5.89043945E-02 13 8.45533460E-02 12 8.63393862E-03
 6435 1 4 0.00000000E+00 16 0.917032421 15 6.96564764E-02 17 9.44130775E-03 14 3.86979245E-03
 6436 1 4 0.00000000E+00 16 1.00000000 15 0.00000000E+00 17 0.00000000E+00 14 0.00000000E+00
 6437 1 4 0.00000000E+00 16 0.924876511 15 1.37098646E-02 17 5.34491502E-02 14 7.96444807E-03
 6441 1 4 0.00000000E+00 16 0.662531793 17 0.257925332 15 4.32928987E-02 14 3.62499803E-02
 6445 1 4 0.00000000E+00 16 0.449999660 17 0.441526473 15 5.18128611E-02 14 5.66610172E-02
 6450 1 3 0.00000000E+00 17 0.624945283 16 0.263526767 15 0.111527942
 6503 1 4 0.00000000E+00 16 0.905890822 15 3.34835937E-03 17 8.17368627E-02 14 9.02397279E-03
 6504 1 4 0.00000000E+00 16 0.847134113 15 8.76394287E-03 17 0.129435822 14 1.46661112E-02
 6508 1 4 0.00000000E+00 16 0.601473808 17 0.329580188 15 3.23643163E-02 14 3.65817063E-02
 6518 1 3 0.00000000E+00 17 0.697590828 16 0.195888132 15 0.106521018
 6567 1 4 0.00000000E+00 16 0.858771563 15 5.40604815E-02 17 7.40839019E-02 14 1.30840428E-02
 6569 1 4 0.00000000E+00 16 0.858149946 15 8.34626518E-03 17 0.120471030 14 1.30327689E-02
 6570 1 4 0.00000000E+00 16 0.815865517 15 6.10961067E-03 17 0.161659494 14 1.63653735E-02
 6571 1 4 0.00000000E+00 16 0.762271225 17 0.208113700 15 9.10766795E-03 14 2.05074120E-02
 6574 1 4 0.00000000E+00 16 0.589463532 17 0.355590850 15 2.22039986E-02 14 3.27416211E-02
 6577 1 4 0.00000000E+00 17 0.499129951 16 0.428345650 15 3.04215532E-02 14 4.21028323E-02
 6578 1 4 0.00000000E+00 17 0.543737113 16 0.379398555 15 3.21172923E-02 14 4.47470769E-02
 6584 1 3 0.00000000E+00 17 0.733836710 16 0.174670026 15 9.14932713E-02
 6632 1 4 0.00000000E+00 16 0.782780945 15 9.15215909E-02 17 0.102198035 14 2.34994479E-02
 6633 1 4 0.00000000E+00 16 0.810322285 15 5.74357547E-02 17 0.112400420 14 1.98415220E-02
 6634 1 4 0.00000000E+00 16 0.819335639 15 3.14820409E-02 17 0.131177053 14 1.80052593E-02
 6635 1 4 0.00000000E+00 16 0.806097209 15 1.59507468E-02 17 0.159868419 14 1.80836339E-02
 6643 1 4 0.00000000E+00 17 0.529682457 16 0.410943091 15 2.27988530E-02 14 3.65756005E-02
 6649 1 3 0.00000000E+00 17 0.758075118 16 0.172205597 15 6.97192997E-02
 6698 1 4 0.00000000E+00 16 0.744046450 15 8.95771310E-02 17 0.135682419 14 3.06940116E-02
 6699 1 4 0.00000000E+00 16 0.762624025 15 6.12583309E-02 17 0.149194300 14 2.69233510E-02
 6700 1 4 0.00000000E+00 16 0.766952157 15 3.88282277E-02 17 0.169624269 14 2.45953295E-02
 6701 1 4 0.00000000E+00 16 0.755213797 17 0.197596237 15 2.35002097E-02 14 2.36897487E-02
 6716 1 3 0.00000000E+00 17 0.813683391 16 0.123521969 15 6.27946407E-02
 6765 1 4 0.00000000E+00 16 0.717106521 15 6.49157763E-02 17 0.183800802 14 3.41769196E-02
 6766 1 4 0.00000000E+00 16 0.718183279 17 0.205310285 15 4.51264977E-02 14 3.13799195E-02
 6767 1 4 0.00000000E+00 16 0.706928432 17 0.232934818 15 3.04496363E-02 14 2.96871290E-02
 6781 1 3 0.00000000E+00 17 0.846339762 16 0.112654403 15 4.10058200E-02
 6831 1 4 0.00000000E+00 16 0.674220502 17 0.215962663 15 6.82781786E-02 14 4.15386669E-02
 6832 1 4 0.00000000E+00 16 0.672885239 17 0.238186628 15 5.05973659E-02 14 3.83307748E-02
 6837 1 3 0.00000000E+00 16 0.538300991 17 0.425373226 15 3.63257714E-02
 6845 1 3 0.00000000E+00 17 0.825945914 16 0.150226220 15 2.38278750E-02
 6847 1 3 0.00000000E+00 17 0.894726336 16 7.81039521E-02 15 2.71697082E-02
 6896 1 4 0.00000000E+00 16 0.629637003 15 8.98262039E-02 17 0.227235049 14 5.33017442E-02
 6897 1 4 0.00000000E+00 16 0.634103239 17 0.245569959 15 7.13484362E-02 14 4.89783958E-02
 6898 1 4 0.00000000E+00 16 0.630924344 17 0.268229485 15 5.54162860E-02 14 4.54298630E-02
 6899 1 4 0.00000000E+00 16 0.619631946 17 0.295373291 15 4.24034223E-02 14 4.25913371E-02
 6903 1 3 0.00000000E+00 16 0.507089138 17 0.450959980 15 4.19508554E-02
 6904 1 3 0.00000000E+00 17 0.495900452 16 0.465479404 15 3.86201441E-02
 6908 1 3 0.00000000E+00 17 0.696157992 16 0.275938600 15 2.79033668E-02
 6909 1 3 0.00000000E+00 17 0.750082433 16 0.225418046 15 2.44995374E-02
 6913 1 3 0.00000000E+00 17 0.945946395 16 4.05125022E-02 15 1.35410726E-02
 6962 1 4 0.00000000E+00 16 0.594892442 17 0.253564894 15 9.06052887E-02 14 6.09373488E-02
 6964 1 4 0.00000000E+00 16 0.592168570 17 0.295444846 15 5.97227551E-02 14 5.26638366E-02
 6965 1 3 0.00000000E+00 16 0.585372031 17 0.331518769 15 8.31091851E-02
 6979 1 3 0.00000000E+00 17 1.00000000 16 0.00000000E+00 15 0.00000000E+00
 7028 1 3 0.00000000E+00 16 0.568690360 17 0.290460944 15 0.140848666
 7030 1 3 0.00000000E+00 16 0.562087536 17 0.331113517 15 0.106798932
 7034 1 3 0.00000000E+00 16 0.481704205 17 0.454809397 15 6.34863973E-02
 7035 1 3 0.00000000E+00 17 0.493722826 16 0.449367821 15 5.69093339E-02
 7045 1 3 0.00000000E+00 17 0.963368416 16 2.26443503E-02 15 1.39872357E-02
 7096 1 3 0.00000000E+00 16 0.530021369 17 0.354222834 15 0.115755804
 7101 1 3 0.00000000E+00 17 0.510435760 16 0.423848867 15 6.57153651E-02
 7102 1 3 0.00000000E+00 17 0.549983442 16 0.390443921 15 5.95726520E-02
 7111 1 3 0.00000000E+00 17 0.929360271 16 4.27613109E-02 15 2.78784037E-02
 7159 1 3 0.00000000E+00 16 0.510873616 17 0.318747908 15 0.170378476
 7162 1 3 0.00000000E+00 16 0.500732780 17 0.374738932 15 0.124528296
 7163 1 3 0.00000000E+00 16 0.488990963 17 0.399095535 15 0.111913525
 7164 1 3 0.00000000E+00 16 0.472924203 17 0.426320165 15 0.100755639
 7177 1 3 0.00000000E+00 17 0.897770822 16 6.06117696E-02 15 4.16174009E-02
 7228 1 3 0.00000000E+00 16 0.474055767 17 0.392792284 15 0.133151963
 7229 1 3 0.00000000E+00 16 0.462504685 17 0.416304201 15 0.121191084
 7243 1 2 0.00000000E+00 17 0.880744517 16 0.119255468
 7293 1 3 0.00000000E+00 16 0.457794935 17 0.388252079 15 0.153952986
 7294 1 3 0.00000000E+00 16 0.449817181 17 0.408535808 15 0.141647026
 7295 1 3 0.00000000E+00 16 0.438548714 17 0.431110173 15 0.130341083
 7298 1 3 0.00000000E+00 17 0.511946797 16 0.385469705 15 0.102583468
 7363 1 3 0.00000000E+00 17 0.492667913 16 0.386585802 15 0.120746300
 7365 1 3 0.00000000E+00 17 0.548525572 16 0.345842063 15 0.105632335
 7429 1 3 0.00000000E+00 17 0.500358582 16 0.369053245 15 0.130588129
 7431 1 3 0.00000000E+00 17 0.552261651 16 0.331642359 15 0.116095953
 7432 1 3 0.00000000E+00 17 0.579857826 16 0.310143977 15 0.109998174
 7439 1 2 0.00000000E+00 17 0.783126473 16 0.216873527
 7613 1 3 0.00000000E+00 16 0.361577123 15 0.290687740 17 0.347735137
 7627 1 3 0.00000000E+00 17 0.513606131 16 0.327105463 15 0.159288421
 7679 1 3 0.00000000E+00 16 0.352738380 17 0.356485724 15 0.290775865
 7688 1 3 0.00000000E+00 16 0.358277828 17 0.435118735 15 0.206603423
 7706 1 2 0.00000000E+00 17 0.750468671 16 0.249531344
 7753 1 3 0.00000000E+00 16 0.349883378 17 0.428901017 15 0.221215606
 7754 1 3 0.00000000E+00 16 0.345819086 17 0.441238075 15 0.212942854
 7760 1 2 0.00000000E+00 17 0.571991622 16 0.428008378
 7772 1 2 0.00000000E+00 17 0.735605001 16 0.264394999
 7876 1 1 0.00000000E+00 16 0.7356050016116888
 7884 1 2 0.00000000E+00 16 0.517164409 17 0.482835591
 7950 1 2 0.00000000E+00 16 0.511466920 17 0.488533080
 7964 1 2 0.00000000E+00 17 0.646898329 16 0.353101701
 8016 1 2 0.00000000E+00 16 0.506493568 17 0.493506432
 8082 1 2 0.00000000E+00 16 0.502171040 17 0.497828931
