points1.pts
zone1.inf
 152 271
 6
PP0
PP1
PP2
PP3
PP4
PP5
 26217 1 4 0.00000000E+00 1 1.00000000 2 0.00000000E+00 3 0.00000000E+00 4 0.00000000E+00
 26368 1 4 0.00000000E+00 1 0.913015306 2 8.36860910E-02 3 3.90333415E-04 4 2.90825497E-03
 26369 1 4 0.00000000E+00 1 0.935355842 2 6.19312897E-02 3 7.68990780E-04 4 1.94386556E-03
 26370 1 4 0.00000000E+00 1 0.926780999 2 6.44613951E-02 3 2.91215559E-03 4 5.84546663E-03
 26520 1 4 0.00000000E+00 1 0.855473638 2 0.140314713 3 6.85675535E-04 4 3.52600589E-03
 26521 1 4 0.00000000E+00 1 0.871214807 2 0.123524055 3 1.57073652E-03 4 3.69038922E-03
 26522 1 4 0.00000000E+00 1 0.870515764 2 0.118979044 3 3.76129081E-03 4 6.74391957E-03
 26671 1 4 0.00000000E+00 1 0.772239387 2 0.221030444 3 1.05602189E-03 4 5.67414099E-03
 26672 1 4 0.00000000E+00 1 0.794137895 2 0.200198546 3 1.13869633E-03 4 4.52486798E-03
 26673 1 4 0.00000000E+00 1 0.807575643 2 0.184741527 3 2.43539689E-03 4 5.24743879E-03
 26822 1 4 0.00000000E+00 1 0.690377295 2 0.299751490 3 2.00276496E-03 4 7.86844734E-03
 26823 1 4 0.00000000E+00 1 0.713106036 2 0.279693902 3 1.18772755E-03 4 6.01236476E-03
 26824 1 4 0.00000000E+00 1 0.731812894 2 0.260996252 3 1.67197397E-03 4 5.51885320E-03
 26974 1 4 0.00000000E+00 1 0.632507265 2 0.357892811 3 1.90315139E-03 4 7.69676035E-03
 26975 1 4 0.00000000E+00 1 0.652401149 2 0.339824319 3 1.37325749E-03 4 6.40126923E-03
 26976 1 4 0.00000000E+00 1 0.669290602 2 0.322011471 3 2.29227194E-03 4 6.40567020E-03
 27126 1 4 0.00000000E+00 1 0.572966695 2 0.417656183 3 1.81325362E-03 4 7.56384060E-03
 27127 1 4 0.00000000E+00 1 0.590925694 2 0.400733888 3 1.60732411E-03 4 6.73310226E-03
 27277 1 5 0.00000000E+00 2 0.491797268 1 0.495093167 3 3.45301023E-03 4 4.36896924E-03 5 5.28758159E-03
 27428 1 5 0.00000000E+00 2 0.559609950 1 0.421350390 3 7.62038724E-03 4 6.33137161E-03 5 5.08789578E-03
 27429 1 5 0.00000000E+00 2 0.552392960 1 0.435350895 3 3.25661502E-03 4 3.96828866E-03 5 5.03122155E-03
 27580 1 5 0.00000000E+00 2 0.618914247 1 0.362826079 3 7.89663475E-03 4 5.94074000E-03 5 4.42227907E-03
 27581 1 5 0.00000000E+00 2 0.614006042 1 0.374746591 3 3.01584438E-03 4 3.53442272E-03 5 4.69708070E-03
 27582 1 5 0.00000000E+00 2 0.602275133 1 0.388923764 3 1.35965098E-03 4 1.60014641E-03 5 5.84128220E-03
 27732 1 5 0.00000000E+00 2 0.678962469 1 0.303529978 3 8.30776244E-03 4 5.51959826E-03 5 3.68018751E-03
 27733 1 5 0.00000000E+00 2 0.676490426 1 0.313472271 3 2.71896413E-03 4 3.06100678E-03 5 4.25731763E-03
 27734 1 5 0.00000000E+00 2 0.664868712 1 0.326930761 3 1.31963333E-03 4 1.12298282E-03 5 5.75791579E-03
 27883 1 5 0.00000000E+00 2 0.727703393 1 0.240710735 3 2.04860754E-02 4 8.15300457E-03 5 2.94680195E-03
 27884 1 5 0.00000000E+00 2 0.739399076 1 0.243736714 3 8.96033179E-03 4 5.06271049E-03 5 2.84119765E-03
 27885 1 5 0.00000000E+00 2 0.739757657 1 0.251650244 3 2.35524424E-03 4 2.54365779E-03 5 3.69319087E-03
 27886 1 5 0.00000000E+00 2 0.727557898 1 0.264851183 3 1.43327960E-03 4 6.05480163E-04 5 5.55217452E-03
 28036 1 5 0.00000000E+00 2 0.799633205 1 0.183799163 3 1.01023298E-02 4 4.56619123E-03 5 1.89911306E-03
 28037 1 5 0.00000000E+00 2 0.803757131 1 0.189357013 3 1.91403611E-03 4 1.97984930E-03 5 2.99198530E-03
 28038 1 5 0.00000000E+00 2 0.789821506 1 0.202961072 3 1.93577213E-03 4 5.05203861E-05 5 5.23115089E-03
 28188 1 5 0.00000000E+00 2 0.858245313 1 0.124438688 3 1.24117685E-02 4 4.03171359E-03 5 8.72503733E-04
 28189 1 5 0.00000000E+00 2 0.868464947 1 0.126637742 3 1.38388295E-03 4 1.36782438E-03 5 2.14558211E-03
 28340 1 5 0.00000000E+00 2 0.910322428 1 6.80108741E-02 3 1.83253642E-02 4 3.47217149E-03 5 -1.30857501E-04
 28341 1 5 0.00000000E+00 2 0.933876038 1 6.35161251E-02 3 7.51197746E-04 4 7.07631756E-04 5 1.14900514E-03
 28491 1 5 0.00000000E+00 2 0.873910010 3 7.28335008E-02 1 4.70360965E-02 4 6.76588248E-03 5 -5.45483374E-04
 28492 1 5 0.00000000E+00 2 0.934608936 3 3.84559073E-02 1 2.45829280E-02 4 2.95978226E-03 5 -6.07541471E-04
 28493 1 5 0.00000000E+00 2 1.00000000 3 0.00000000E+00 1 0.00000000E+00 4 0.00000000E+00 5 0.00000000E+00
 28643 1 5 0.00000000E+00 2 0.852696300 3 0.115761638 1 2.53932010E-02 4 6.52865367E-03 5 -3.79785226E-04
 28644 1 5 0.00000000E+00 2 0.901612401 3 8.75391066E-02 1 8.10628664E-03 4 2.59550894E-03 5 1.46717561E-04
 28645 1 5 0.00000000E+00 2 0.926768601 3 6.91287443E-02 1 2.29405495E-03 4 -2.59178341E-04 5 2.06779875E-03
 28795 1 5 0.00000000E+00 2 0.807248354 3 0.171175390 1 1.50330132E-02 4 6.33307174E-03 5 2.10188024E-04
 28796 1 5 0.00000000E+00 2 0.840750396 3 0.150869638 1 4.68430761E-03 4 2.27456889E-03 5 1.42109592E-03
 28947 1 5 0.00000000E+00 2 0.749509573 3 0.233107552 1 1.03172241E-02 4 6.13506045E-03 5 9.30626818E-04
 28948 1 5 0.00000000E+00 2 0.773199439 3 0.217862815 1 4.31100884E-03 4 1.92192919E-03 5 2.70480127E-03
 29099 1 6 0.00000000E+00 2 0.685831964 3 0.298119843 4 5.30677708E-03 1 7.29436753E-03 5 -4.82420390E-03 6 8.27124994E-03
 29100 1 6 0.00000000E+00 2 0.703636885 3 0.286024719 4 1.17171369E-03 1 4.22215508E-03 5 1.39141936E-04 6 4.80537117E-03
 29250 1 6 0.00000000E+00 2 0.600038290 3 0.373769313 4 1.12949107E-02 1 1.13967294E-02 5 -8.97474494E-03 6 1.24755092E-02
 29251 1 6 0.00000000E+00 2 0.619665802 3 0.365037262 4 5.03832987E-03 1 6.23407634E-03 5 -4.23619477E-03 6 8.26073345E-03
 29252 1 6 0.00000000E+00 2 0.633669555 3 0.354862094 4 7.19264441E-04 1 4.75748116E-03 5 1.16012699E-03 6 4.83147660E-03
 29253 1 6 0.00000000E+00 2 0.640122056 3 0.344341934 4 -1.67826598E-03 1 7.79768173E-03 5 7.17442390E-03 6 2.24214583E-03
 29402 1 6 0.00000000E+00 2 0.536626041 3 0.438919723 4 1.16210608E-02 1 9.31170210E-03 5 -8.80582910E-03 6 1.23272929E-02
 29403 1 6 0.00000000E+00 2 0.552106202 3 0.433059782 4 4.73021111E-03 1 5.67849260E-03 5 -3.67151201E-03 6 8.09682999E-03
 29404 1 6 0.00000000E+00 2 0.563619554 3 0.424055874 4 2.37248430E-04 1 5.23435697E-03 5 2.18703202E-03 6 4.66592237E-03
 29405 1 6 0.00000000E+00 2 0.569923341 3 0.412715226 4 -1.90392812E-03 1 8.47858191E-03 5 8.71376041E-03 6 2.07300973E-03
 29554 1 6 0.00000000E+00 3 0.505169630 2 0.471584320 4 1.20444465E-02 1 7.84158800E-03 5 -8.68735835E-03 6 1.20473774E-02
 29555 1 6 0.00000000E+00 3 0.501875281 2 0.483807385 4 4.37756162E-03 1 5.31235011E-03 5 -3.13449814E-03 6 7.76190311E-03
 29556 1 6 0.00000000E+00 2 0.493679643 3 0.493488491 4 -2.58086686E-04 1 5.56142582E-03 5 3.22687533E-03 6 4.30163881E-03
 29557 1 6 0.00000000E+00 2 0.500312209 3 0.480728209 4 -1.96247431E-03 1 8.90208688E-03 5 1.03246737E-02 6 1.69532292E-03
 29707 1 6 0.00000000E+00 3 0.571332991 2 0.415105492 4 3.97517765E-03 5 -2.62623164E-03 1 4.96769464E-03 6 7.24490965E-03
 29708 1 6 0.00000000E+00 3 0.563066006 2 0.423946738 4 -7.34653440E-04 5 4.29085828E-03 1 5.69710601E-03 6 3.73395602E-03
 29709 1 6 0.00000000E+00 3 0.548135936 2 0.431354165 4 -1.71302725E-03 5 1.20322620E-02 1 9.08096321E-03 6 1.10968831E-03
 29860 1 6 0.00000000E+00 3 0.632653952 2 0.354493439 4 -1.12419261E-03 5 5.39321499E-03 1 5.62329590E-03 6 2.96031893E-03
 29861 1 6 0.00000000E+00 3 0.614484787 2 0.363196403 4 -8.99439736E-04 5 1.38697485E-02 1 9.02975537E-03 6 3.18766688E-04
 30011 1 6 0.00000000E+00 3 0.711941361 2 0.277114719 4 2.99465889E-03 5 -1.69033161E-03 1 4.00271593E-03 6 5.63689647E-03
 30012 1 6 0.00000000E+00 3 0.701987922 2 0.285423577 4 -1.27986458E-03 5 6.55436516E-03 1 5.33404108E-03 6 1.97996665E-03
 30013 1 6 0.00000000E+00 3 0.678903759 2 0.296147496 4 9.68694978E-04 5 1.58834662E-02 1 8.76744371E-03 6 -6.70878100E-04
 30014 1 6 0.00000000E+00 3 0.646916687 2 0.307570964 4 7.53011694E-03 5 2.60713361E-02 1 1.42594241E-02 6 -2.34852266E-03
 30165 1 6 0.00000000E+00 3 0.739614725 2 0.230862826 4 4.89971321E-03 5 1.81426816E-02 1 8.32452159E-03 6 -1.84444897E-03
 30316 1 6 0.00000000E+00 3 0.836278379 4 1.17864576E-03 2 0.149775952 5 9.20110010E-03 1 4.14598407E-03 6 -5.80076943E-04
 30317 1 6 0.00000000E+00 3 0.792727232 4 1.31206261E-02 2 0.168800622 5 2.07592025E-02 1 7.75960926E-03 6 -3.16727767E-03
 30466 1 6 0.00000000E+00 3 0.892599583 4 3.02615371E-02 2 7.75508061E-02 5 -9.13754385E-03 1 1.52167073E-03 6 7.20395660E-03
 30467 1 6 0.00000000E+00 3 0.927061439 4 9.24482010E-04 2 6.94130808E-02 5 -4.21713659E-04 1 1.30224694E-03 6 1.72045536E-03
 30468 1 6 0.00000000E+00 3 0.893095613 4 8.51734541E-03 2 8.62538740E-02 5 1.08674495E-02 1 3.35694384E-03 6 -2.09123059E-03
 30469 1 6 0.00000000E+00 3 0.829520702 4 3.06625701E-02 2 0.113250546 5 2.39313412E-02 1 7.19571346E-03 6 -4.56087245E-03
 30617 1 6 0.00000000E+00 3 0.829790592 4 0.114711314 2 5.50430790E-02 5 -1.56758223E-02 6 1.34826778E-02 1 2.64814589E-03
 30618 1 6 0.00000000E+00 3 0.910520971 4 6.20526299E-02 2 2.92899106E-02 5 -8.87053180E-03 6 6.22479338E-03 1 7.82210031E-04
 30619 1 6 0.00000000E+00 3 1.00000000 4 0.00000000E+00 2 0.00000000E+00 5 0.00000000E+00 6 0.00000000E+00 1 0.00000000E+00
 30620 1 6 0.00000000E+00 3 0.912874579 4 3.75531875E-02 2 3.69732790E-02 5 1.32424962E-02 1 2.84573506E-03 6 -3.48925940E-03
 30621 1 6 0.00000000E+00 3 0.834229469 4 6.66452721E-02 2 7.01725483E-02 5 2.79839411E-02 1 6.85087964E-03 6 -5.88209787E-03
 30769 1 6 0.00000000E+00 3 0.787934601 4 0.181584626 2 3.01260184E-02 5 -1.52463950E-02 6 1.32656246E-02 1 2.33550952E-03
 30770 1 6 0.00000000E+00 3 0.852305293 4 0.138925940 2 9.79790464E-03 5 -7.68007012E-03 6 5.75438421E-03 1 8.96572543E-04
 30771 1 6 0.00000000E+00 3 0.888245523 4 0.107658505 2 4.33996553E-04 5 2.96173687E-03 6 -2.76062230E-04 1 9.76309297E-04
 30772 1 6 0.00000000E+00 3 0.856700540 4 0.111026019 2 1.66246202E-02 5 1.69363003E-02 6 -4.42632847E-03 1 3.13885533E-03
 30773 1 6 0.00000000E+00 3 0.796267867 4 0.127081484 2 4.35886793E-02 5 3.32192406E-02 6 -7.03160046E-03 1 6.87432522E-03
 30922 1 6 0.00000000E+00 3 0.756893992 4 0.238060609 5 -6.10813033E-03 2 4.37763194E-03 6 5.44644007E-03 1 1.32942840E-03
 30923 1 6 0.00000000E+00 3 0.777139008 4 0.215144590 5 5.98425232E-03 2 7.60461611E-04 6 -7.64889526E-04 1 1.73660275E-03
 30924 1 6 0.00000000E+00 3 0.763644695 4 0.205864877 5 2.15454251E-02 2 1.04794614E-02 6 -5.24965813E-03 1 3.71521199E-03
 30925 1 6 0.00000000E+00 3 0.726558089 4 0.205258504 5 3.97231542E-02 2 2.94305086E-02 6 -8.09766632E-03 1 7.12741679E-03
 31074 1 6 0.00000000E+00 3 0.652316630 4 0.343042940 5 -4.55262279E-03 2 2.44375085E-03 6 5.05363988E-03 1 1.69566146E-03
 31075 1 6 0.00000000E+00 3 0.666654825 4 0.322419554 5 9.12106596E-03 2 9.90109402E-04 6 -1.46588159E-03 1 2.28031422E-03
 31076 1 6 0.00000000E+00 3 0.661929846 4 0.305258840 5 2.68860385E-02 2 7.92881101E-03 6 -6.20511826E-03 1 4.20157705E-03
 31077 1 6 0.00000000E+00 3 0.641272604 4 0.291205913 5 4.76334095E-02 2 2.16922015E-02 6 -9.20775253E-03 1 7.40360329E-03
 31225 1 6 0.00000000E+00 3 0.525111556 4 0.464776814 5 -1.27672702E-02 2 7.23222597E-03 6 1.32834790E-02 1 2.36319867E-03
 31226 1 6 0.00000000E+00 3 0.544956267 4 0.450163633 5 -3.12379538E-03 2 1.57670607E-03 6 4.52409638E-03 1 1.90311926E-03
 31227 1 6 0.00000000E+00 3 0.556810021 4 0.429359138 5 1.24674682E-02 2 1.13120652E-03 6 -2.37591495E-03 1 2.60806992E-03
 31228 1 6 0.00000000E+00 3 0.558255076 4 0.404828846 5 3.32024992E-02 2 6.53450191E-03 6 -7.33819092E-03 1 4.51724743E-03
 31229 1 6 0.00000000E+00 3 0.549705565 4 0.378685504 5 5.73913530E-02 2 1.70383714E-02 6 -1.04145193E-02 1 7.59368809E-03
 31377 1 6 0.00000000E+00 4 0.567694604 3 0.423490584 5 -1.17807770E-02 2 5.04760165E-03 6 1.33122364E-02 1 2.23576068E-03
 31378 1 6 0.00000000E+00 4 0.558449090 3 0.436545402 5 -1.87758706E-03 2 1.10821368E-03 6 3.85059742E-03 1 1.92427647E-03
 31379 1 6 0.00000000E+00 4 0.535656333 3 0.447708607 5 1.62089299E-02 2 1.19041139E-03 6 -3.48647777E-03 1 2.72219488E-03
 31380 1 6 0.00000000E+00 4 0.502392888 3 0.454915553 5 4.10676226E-02 2 5.61514962E-03 6 -8.63812398E-03 1 4.64690570E-03
 31529 1 6 0.00000000E+00 4 0.670874178 3 0.320553392 5 -1.03938095E-02 2 3.61753628E-03 6 1.33848283E-02 1 1.96387758E-03
 31530 1 6 0.00000000E+00 4 0.667599440 3 0.327680618 5 -8.64414556E-04 2 7.96855427E-04 6 3.03938449E-03 1 1.74813799E-03
 31531 1 6 0.00000000E+00 4 0.640541494 3 0.339673102 5 2.07584091E-02 2 1.17333618E-03 6 -4.77453787E-03 1 2.62818183E-03
 31532 1 6 0.00000000E+00 4 0.595284164 3 0.353606522 5 5.16429506E-02 2 4.91997274E-03 6 -1.00510353E-02 1 4.59740218E-03
 31681 1 6 0.00000000E+00 4 0.771629930 3 0.218229830 5 -7.61692878E-03 2 2.60616955E-03 6 1.36062987E-02 1 1.54471607E-03
 31682 1 6 0.00000000E+00 4 0.777543485 3 0.218590349 5 -1.48436346E-04 2 5.38138207E-04 6 2.10679439E-03 1 1.36968028E-03
 31683 1 6 0.00000000E+00 4 0.741816998 3 0.233694151 5 2.72364356E-02 2 1.08650920E-03 6 -6.17422163E-03 1 2.34013703E-03
 31684 1 6 0.00000000E+00 4 0.678380907 3 0.256901115 5 6.74227998E-02 2 4.34079114E-03 6 -1.14415409E-02 1 4.39596688E-03
 31685 1 6 0.00000000E+00 4 0.607022822 3 0.279306054 5 0.110331602 2 1.01108896E-02 6 -1.41886920E-02 1 7.41733843E-03
 31834 1 6 0.00000000E+00 4 0.888311446 3 0.109358139 5 1.82644973E-04 6 1.07955164E-03 2 2.81146815E-04 1 7.87045923E-04
 31835 1 6 0.00000000E+00 4 0.831440687 3 0.133493468 5 3.96607295E-02 6 -7.44388066E-03 2 9.42684244E-04 1 1.90630939E-03
 31836 1 6 0.00000000E+00 4 0.740551591 3 0.170070648 5 9.39323902E-02 6 -1.24940351E-02 2 3.83259612E-03 1 4.10681916E-03
 31837 1 6 0.00000000E+00 4 0.650872231 3 0.202901021 5 0.145247221 6 -1.49933081E-02 2 8.79243668E-03 1 7.18038250E-03
 31984 1 6 0.00000000E+00 4 0.823612988 5 5.37875593E-02 3 8.18370506E-02 6 3.47227789E-02 2 4.14043339E-03 1 1.89916254E-03
 31985 1 6 0.00000000E+00 4 0.905808568 5 3.09311599E-02 3 4.48651724E-02 6 1.65479295E-02 2 1.26351684E-03 1 5.83653105E-04
 31986 1 6 0.00000000E+00 4 1.00000000 5 0.00000000E+00 3 0.00000000E+00 6 0.00000000E+00 2 0.00000000E+00 1 0.00000000E+00
 31987 1 6 0.00000000E+00 4 0.874163568 5 7.55512267E-02 3 5.54939099E-02 6 -7.52909016E-03 2 7.87017634E-04 1 1.53334567E-03
 31988 1 6 0.00000000E+00 4 0.761812806 5 0.141114771 3 0.102468692 6 -1.26296887E-02 2 3.38620320E-03 1 3.84718180E-03
 31989 1 6 0.00000000E+00 4 0.662926793 5 0.196401507 3 0.141152158 6 -1.51329907E-02 2 7.71342916E-03 1 6.93908194E-03
 32136 1 5 0.00000000E+00 4 0.794911444 5 0.115946978 3 4.29868698E-02 6 4.15725000E-02 2 4.58218809E-03
 32137 1 6 0.00000000E+00 4 0.855058134 5 0.107958540 3 1.35716014E-02 6 2.20125187E-02 2 8.69631476E-04 1 5.29573241E-04
 32138 1 6 0.00000000E+00 4 0.879730284 5 0.114815488 3 -7.41786906E-04 6 5.87116042E-03 2 -3.89245288E-05 1 3.63762374E-04
 32139 1 6 0.00000000E+00 4 0.821026504 5 0.159222707 3 2.25239228E-02 6 -4.96168621E-03 2 6.80310535E-04 1 1.50822743E-03
 32140 1 6 0.00000000E+00 4 0.728657365 5 0.215710253 3 6.04020283E-02 6 -1.14646452E-02 2 2.99790828E-03 1 3.69708892E-03
 32141 1 6 0.00000000E+00 4 0.638047338 5 0.266302615 3 9.65783969E-02 6 -1.44603895E-02 2 6.80804765E-03 1 6.72397809E-03
 32289 1 5 0.00000000E+00 4 0.758728743 5 0.206617728 3 4.12437599E-03 6 2.95032188E-02 2 1.02595764E-03
 32290 1 5 0.00000000E+00 4 0.760644019 5 0.228692561 3 -1.57480978E-03 6 1.19372271E-02 2 3.01017833E-04
 32291 1 5 0.00000000E+00 4 0.721096575 5 0.266363978 3 1.17321638E-02 6 -9.97750089E-04 2 1.80501153E-03
 32292 1 5 0.00000000E+00 4 0.654595613 5 0.311215848 3 3.76901850E-02 6 -9.00381338E-03 2 5.50215645E-03
 32293 1 5 0.00000000E+00 4 0.581378162 5 0.352647036 3 6.71084523E-02 6 -1.23622101E-02 2 1.12285530E-02
 32441 1 5 0.00000000E+00 4 0.652573764 5 0.308442354 3 8.67886338E-05 6 3.81851457E-02 2 7.11967994E-04
 32442 1 5 0.00000000E+00 4 0.642959416 5 0.341119617 3 -2.50465353E-03 6 1.82730742E-02 2 1.52552835E-04
 32443 1 5 0.00000000E+00 4 0.609683990 5 0.379230469 3 6.52945368E-03 6 2.98756338E-03 2 1.56850007E-03
 32444 1 5 0.00000000E+00 4 0.559421301 5 0.417518854 3 2.47982889E-02 6 -6.72160881E-03 2 4.98314109E-03
 32593 1 5 0.00000000E+00 4 0.545541525 5 0.407921106 3 -2.24195630E-03 6 4.84655462E-02 2 3.13774595E-04
 32594 1 5 0.00000000E+00 4 0.527189255 5 0.451190978 3 -3.49437981E-03 6 2.52916999E-02 2 -1.77559035E-04
 32595 1 5 0.00000000E+00 4 0.495052934 5 0.493611634 3 3.17090307E-03 6 7.02585327E-03 2 1.13867386E-03
 32596 1 5 0.00000000E+00 5 0.529337108 4 0.454220533 3 1.66666042E-02 6 -4.55423445E-03 2 4.33001341E-03
 32746 1 5 0.00000000E+00 5 0.557018220 4 0.414414972 3 -4.50823409E-03 6 3.37293968E-02 2 -6.54365635E-04
 32747 1 5 0.00000000E+00 5 0.607758641 4 0.379825801 3 6.02482934E-04 6 1.12946304E-02 2 5.18428744E-04
 32748 1 5 0.00000000E+00 5 0.644284070 4 0.343927085 3 1.09662917E-02 6 -2.69029546E-03 2 3.51284118E-03
 32749 1 5 0.00000000E+00 5 0.660637200 4 0.312367827 3 2.52084136E-02 6 -6.55907905E-03 2 8.34567845E-03
 32898 1 5 0.00000000E+00 5 0.654461503 4 0.307048798 6 4.51746285E-02 3 -5.48408320E-03 2 -1.20083219E-03
 32899 1 5 0.00000000E+00 5 0.719431996 4 0.265905797 6 1.64662693E-02 3 -1.54607615E-03 2 -2.58017826E-04
 32900 1 5 0.00000000E+00 5 0.761309087 4 0.230805054 6 -1.24663569E-03 3 6.61252066E-03 2 2.51996750E-03
 32901 1 5 0.00000000E+00 5 0.767608106 4 0.210382268 3 1.82597321E-02 6 -3.53671424E-03 2 7.28662452E-03
 32902 1 5 0.00000000E+00 5 0.748257399 4 0.200462192 3 3.21425535E-02 6 5.38375368E-03 2 1.37540754E-02
 33050 1 5 0.00000000E+00 5 0.734244049 4 0.210531831 6 6.31627291E-02 3 -6.29298948E-03 2 -1.64563442E-03
 33051 1 5 0.00000000E+00 5 0.821696281 4 0.157637924 6 2.50919480E-02 3 -3.36232968E-03 2 -1.06384512E-03
 33052 1 5 0.00000000E+00 5 0.879944086 4 0.115968481 6 -3.17999773E-04 3 3.05723818E-03 2 1.34820561E-03
 33053 1 5 0.00000000E+00 5 0.866848648 4 0.111128062 6 2.79553281E-03 3 1.29374322E-02 2 6.29033661E-03
 33054 1 5 0.00000000E+00 5 0.822663784 4 0.120519742 6 1.89007409E-02 3 2.49751471E-02 2 1.29406024E-02
 33201 1 5 0.00000000E+00 5 0.684776783 4 0.185782328 6 0.136714548 3 -6.32137759E-03 2 -9.52298695E-04
 33202 1 5 0.00000000E+00 5 0.779593468 4 0.134724885 6 9.40701067E-02 3 -6.70801569E-03 2 -1.68046495E-03
 33203 1 5 0.00000000E+00 5 0.884759784 4 7.27019608E-02 6 4.84350510E-02 3 -4.54256916E-03 2 -1.35422195E-03
 33204 1 5 0.00000000E+00 5 1.00000000 4 0.00000000E+00 6 0.00000000E+00 3 0.00000000E+00 2 0.00000000E+00
 33205 1 5 0.00000000E+00 5 0.928138852 4 3.32076699E-02 6 2.36297008E-02 3 9.13033169E-03 2 5.89345070E-03
 33353 1 5 0.00000000E+00 5 0.690579653 4 0.133556783 6 0.182846278 3 -6.35223230E-03 2 -6.30480994E-04
 33354 1 5 0.00000000E+00 5 0.779193163 4 8.62832144E-02 6 0.142192900 3 -6.57492690E-03 2 -1.09434477E-03
 33355 1 5 0.00000000E+00 5 0.867311656 4 3.55100185E-02 6 0.102140054 3 -4.58975323E-03 2 -3.71997594E-04
 33356 1 5 0.00000000E+00 5 0.924848914 4 -1.02350849E-03 6 7.42604285E-02 3 -1.29186970E-04 2 2.04333989E-03
 33357 1 5 0.00000000E+00 5 0.909912467 4 1.62514485E-03 6 7.45400041E-02 3 7.07351463E-03 2 6.84885075E-03
 33504 1 5 0.00000000E+00 5 0.594978452 6 0.274656624 4 0.133442134 3 -4.25132876E-03 2 1.17411767E-03
 33505 1 5 0.00000000E+00 5 0.669398963 4 9.74810645E-02 6 0.239195615 3 -6.04861742E-03 2 -2.69990323E-05
 33506 1 5 0.00000000E+00 5 0.744472265 4 5.84782586E-02 6 0.203177020 3 -6.04141830E-03 2 -8.61341177E-05
 33507 1 5 0.00000000E+00 5 0.810738087 4 2.17623319E-02 6 0.170435652 3 -4.08118870E-03 2 1.14512944E-03
 33508 1 5 0.00000000E+00 5 0.851019144 4 -2.61533656E-03 6 0.147707999 3 -4.23153324E-05 2 3.93051747E-03
 33509 1 5 0.00000000E+00 5 0.853409290 4 -7.52733974E-03 6 0.139680594 3 6.01863675E-03 2 8.41880776E-03
 33657 1 5 0.00000000E+00 5 0.629793048 6 0.302502692 4 7.25330934E-02 3 -5.53496927E-03 2 7.06152059E-04
 33659 1 5 0.00000000E+00 5 0.744889677 6 0.241911739 4 1.39542697E-02 3 -3.42909154E-03 2 2.67340383E-03
 33661 1 5 0.00000000E+00 5 0.788405716 6 0.207558289 4 -1.14857676E-02 3 5.43950591E-03 2 1.00822365E-02
 33808 1 5 0.00000000E+00 5 0.522366703 6 0.399206191 4 8.03745240E-02 3 -3.88212944E-03 2 1.93472183E-03
 33809 1 5 0.00000000E+00 5 0.578990519 6 0.370001495 4 5.44764511E-02 3 -4.91275033E-03 2 1.44430436E-03
 33960 1 5 0.00000000E+00 5 0.471772909 6 0.467083365 4 6.23716265E-02 3 -3.49398772E-03 2 2.26609036E-03
 33961 1 5 0.00000000E+00 5 0.521604478 6 0.439897954 4 4.06270921E-02 3 -4.24422231E-03 2 2.11467221E-03
 34112 1 5 0.00000000E+00 6 0.537173986 5 0.415622324 4 4.77542058E-02 3 -3.04499362E-03 2 2.49447208E-03
 34113 1 5 0.00000000E+00 6 0.511063933 5 0.460389644 4 2.94246413E-02 3 -3.56388837E-03 2 2.68567982E-03
 34263 1 5 0.00000000E+00 6 0.630000532 5 0.316078544 4 5.17870523E-02 3 -1.28782878E-03 2 3.42169870E-03
 34264 1 5 0.00000000E+00 6 0.608752906 5 0.355735183 4 3.54863852E-02 3 -2.56839884E-03 2 2.59394385E-03
 34412 1 4 0.00000000E+00 6 0.718755841 5 0.180162326 4 8.28665197E-02 3 1.82153061E-02
 34413 1 5 0.00000000E+00 6 0.718495846 5 0.200534090 4 6.84860721E-02 3 3.53954197E-03 2 8.94443318E-03
 34414 1 5 0.00000000E+00 6 0.713982940 5 0.226081416 4 5.37904650E-02 3 8.63289635E-04 2 5.28189121E-03
 34564 1 4 0.00000000E+00 6 0.775386453 5 0.137901708 4 6.86783791E-02 3 1.80334561E-02
 34565 1 4 0.00000000E+00 6 0.782946169 5 0.151356906 4 5.50538190E-02 3 1.06431013E-02
 34566 1 4 0.00000000E+00 6 0.784080386 5 0.169759035 4 4.12555188E-02 3 4.90504131E-03
 34567 1 4 0.00000000E+00 6 0.775099218 5 0.195615172 4 2.79072151E-02 3 1.37839839E-03
 34717 1 4 0.00000000E+00 6 0.843628109 5 0.102281131 4 4.32597362E-02 3 1.08310031E-02
 34718 1 4 0.00000000E+00 6 0.853221297 5 0.111995369 4 3.00913621E-02 3 4.69195936E-03
 34719 1 4 0.00000000E+00 6 0.849163592 5 0.131924361 4 1.78157352E-02 3 1.09632837E-03
 34720 1 4 0.00000000E+00 6 0.826390684 5 0.165701121 4 7.17689749E-03 3 7.31263484E-04
 34870 1 4 0.00000000E+00 6 0.918630719 5 5.61205372E-02 4 2.03398149E-02 3 4.90891188E-03
 34871 1 4 0.00000000E+00 6 0.924161434 5 6.66161850E-02 4 8.57958384E-03 3 6.42772822E-04
 34872 1 4 0.00000000E+00 6 0.894304514 5 0.104460232 4 -1.93034939E-04 3 1.42826186E-03
 35021 1 4 0.00000000E+00 6 0.934953690 5 2.46782787E-02 4 2.55489424E-02 3 1.48190772E-02
 35022 1 4 0.00000000E+00 6 0.966085136 5 1.38916122E-02 4 1.28770163E-02 3 7.14622764E-03
 35023 1 4 0.00000000E+00 6 1.00000000 5 0.00000000E+00 4 0.00000000E+00 3 0.00000000E+00
 35024 1 4 0.00000000E+00 6 0.943940878 5 5.75902313E-02 4 -5.60747087E-03 3 4.07638960E-03
 35173 1 4 0.00000000E+00 6 0.951973319 5 7.67078111E-03 4 2.02623475E-02 3 2.00935528E-02
 35174 1 4 0.00000000E+00 6 0.975923538 5 1.39068067E-03 4 9.05893464E-03 3 1.36268418E-02
 35175 1 4 0.00000000E+00 6 0.983619153 5 7.39100436E-03 4 -8.15848063E-04 3 9.80569422E-03
 35176 1 4 0.00000000E+00 6 0.955689549 5 4.10559140E-02 4 -7.65556935E-03 3 1.09100947E-02
 35325 1 4 0.00000000E+00 6 0.953342736 5 2.66603683E-03 4 1.68721862E-02 3 2.71190535E-02
 35326 1 4 0.00000000E+00 6 0.967616081 5 3.05561093E-03 4 7.22937798E-03 3 2.20989473E-02
 35327 1 4 0.00000000E+00 6 0.967931390 5 1.38976211E-02 4 -1.23401766E-03 3 1.94050334E-02
 35328 1 4 0.00000000E+00 6 0.949063182 5 3.91976498E-02 4 -7.94838462E-03 3 1.96875408E-02
 35329 1 4 0.00000000E+00 6 0.916528165 5 7.42949322E-02 4 -1.31789995E-02 3 2.23558936E-02
 35475 1 4 0.00000000E+00 6 0.913783848 5 6.77741412E-03 4 3.26771326E-02 3 4.67616133E-02
 35478 1 4 0.00000000E+00 6 0.955178320 5 7.69256148E-03 4 6.18731230E-03 3 3.09417825E-02
 35479 1 4 0.00000000E+00 6 0.952865303 5 1.96757987E-02 4 -1.33758632E-03 3 2.87964586E-02
 35480 1 4 0.00000000E+00 6 0.938112438 5 4.07407135E-02 4 -7.64814392E-03 3 2.87950151E-02
 35631 1 4 0.00000000E+00 6 0.938363671 5 2.48476658E-02 4 -1.19095645E-03 3 3.79796065E-02
 35632 1 4 0.00000000E+00 6 0.926037192 5 4.31547761E-02 4 -7.05608167E-03 3 3.78640927E-02
 35783 1 4 0.00000000E+00 6 0.924379528 5 2.95093171E-02 4 -8.44346068E-04 3 4.69554774E-02
 35934 1 4 0.00000000E+00 6 0.914947271 5 2.26439890E-02 4 5.32221608E-03 3 5.70865273E-02
 35935 1 4 0.00000000E+00 6 0.910873890 5 3.37377079E-02 4 -3.37258505E-04 3 5.57256415E-02
 36085 1 4 0.00000000E+00 6 0.901762545 5 1.93838719E-02 4 1.11573488E-02 3 6.76962137E-02
 36086 1 4 0.00000000E+00 6 0.901909053 5 2.70906594E-02 4 5.50206937E-03 3 6.54982105E-02
 36087 1 4 0.00000000E+00 6 0.897813976 5 3.75946313E-02 4 2.98777071E-04 3 6.42926097E-02
 36088 1 4 0.00000000E+00 6 0.889356017 5 5.09004369E-02 4 -4.37283935E-03 3 6.41164035E-02
 36237 1 4 0.00000000E+00 6 0.889674723 5 2.35981885E-02 4 1.10351341E-02 3 7.56919757E-02
 36240 1 4 0.00000000E+00 6 0.877511442 5 5.32989651E-02 4 -3.30170011E-03 3 7.24913105E-02
 36392 1 4 0.00000000E+00 6 0.865932941 5 5.55719994E-02 4 -2.17742240E-03 3 8.06724951E-02
 36544 1 4 0.00000000E+00 6 0.854630649 5 5.77224568E-02 4 -1.01466733E-03 3 8.86615366E-02
 36546 1 4 0.00000000E+00 6 0.834445059 5 8.23525637E-02 4 -7.34370295E-03 3 9.05460790E-02
 36696 1 3 0.00000000E+00 6 0.851754010 5 6.39903769E-02 4 8.42555985E-02
 36697 1 3 0.00000000E+00 6 0.843686700 5 7.47572854E-02 4 8.15560296E-02
 36848 1 3 0.00000000E+00 6 0.841650307 5 6.62489757E-02 4 9.21007320E-02
 37000 1 3 0.00000000E+00 6 0.831803620 5 6.83984458E-02 4 9.97979566E-02
