points4.pts
zone4.inf
 16 28
 28
PP0
PP1
PP2
PP3
PP4
PP5
PP6
PP7
PP8
PP9
PP10
PP11
PP12
PP13
PP14
PP15
PP16
PP17
PP18
PP19
PP20
PP21
PP22
PP23
PP24
PP25
PP26
PP27
 2 1 2 0.00000000E+00 1 0.763082683 2 0.236917317
 3 1 3 0.00000000E+00 1 1.00000000 2 0.00000000E+00 3 0.00000000E+00
 18 1 3 0.00000000E+00 1 0.482456446 2 0.428369820 3 8.91737565E-02
 19 1 4 0.00000000E+00 1 0.493799597 2 0.484949023 3 -6.67919405E-04 4 2.19192989E-02
 34 1 4 0.00000000E+00 2 0.607774794 1 0.200813115 3 0.208269924 4 -1.68578532E-02
 35 1 5 0.00000000E+00 2 1.00000000 1 0.00000000E+00 3 0.00000000E+00 4 0.00000000E+00 5 0.00000000E+00
 36 1 4 0.00000000E+00 2 0.552916408 1 0.158819616 3 5.61456643E-02 4 0.232118323
 50 1 5 0.00000000E+00 2 0.430769145 3 0.437851965 1 8.10562521E-02 4 -3.63269262E-02 5 8.66495669E-02
 51 1 6 0.00000000E+00 2 0.474771917 3 0.461641192 4 7.48778060E-02 1 2.98961694E-03 5 -3.35304975E-03 6 -1.09274648E-02
 52 1 6 0.00000000E+00 2 0.348007262 3 0.276092142 4 0.377297997 1 3.15698832E-02 5 -2.07018871E-02 6 -1.22654187E-02
 66 1 5 0.00000000E+00 3 0.619638264 2 0.209397942 5 0.209512621 4 -3.82895395E-02 6 -2.59272667E-04
 67 1 7 0.00000000E+00 3 1.00000000 2 0.00000000E+00 4 0.00000000E+00 5 0.00000000E+00 6 0.00000000E+00 1 0.00000000E+00 8 0.00000000E+00
 68 1 6 0.00000000E+00 3 0.417396009 4 0.441248000 2 6.37621656E-02 5 4.32088971E-02 6 5.61989360E-02 7 -2.18139868E-02
 69 1 7 0.00000000E+00 4 1.00000000 3 0.00000000E+00 6 0.00000000E+00 2 0.00000000E+00 5 0.00000000E+00 7 0.00000000E+00 9 0.00000000E+00
 70 1 6 0.00000000E+00 4 0.643827140 6 7.02898130E-02 7 0.253119349 3 -2.42681727E-02 2 6.90410510E-02 5 -1.20091569E-02
 83 1 7 0.00000000E+00 3 0.459536850 5 0.460179657 4 4.91145775E-02 6 5.41961454E-02 2 -7.92928971E-03 8 -2.94248643E-03 9 -1.21554593E-02
 84 1 8 0.00000000E+00 3 0.266892791 4 0.265428662 5 0.267479300 6 0.276343644 2 -2.44991723E-02 7 -2.06016451E-02 8 -1.81281809E-02 9 -1.29154017E-02
 85 1 9 0.00000000E+00 4 0.439430982 6 0.430170655 3 5.59353344E-02 5 5.72390333E-02 7 7.83863738E-02 9 -1.76871791E-02 2 -1.81953181E-02 8 -1.26439538E-02 10 -1.26359388E-02
 86 1 7 0.00000000E+00 4 0.380188316 6 0.283455372 7 0.380188316 3 -8.82164389E-03 5 -1.30943563E-02 9 -1.30943563E-02 10 -8.82164389E-03
 99 1 9 0.00000000E+00 5 1.00000000 3 0.00000000E+00 6 0.00000000E+00 8 0.00000000E+00 4 0.00000000E+00 9 0.00000000E+00 2 0.00000000E+00 7 0.00000000E+00 13 0.00000000E+00
 100 1 8 0.00000000E+00 5 0.415183127 6 0.430199772 3 4.30716649E-02 4 5.08981384E-02 8 4.31062207E-02 9 5.80645986E-02 7 -2.42875181E-02 10 -1.62360035E-02
 101 1 9 0.00000000E+00 6 1.00000000 4 0.00000000E+00 5 0.00000000E+00 7 0.00000000E+00 9 0.00000000E+00 3 0.00000000E+00 8 0.00000000E+00 10 0.00000000E+00 14 0.00000000E+00
 102 1 9 0.00000000E+00 6 0.430170655 7 0.439430982 4 7.83863738E-02 9 5.72390333E-02 10 5.59353344E-02 5 -1.76871791E-02 3 -1.26359388E-02 8 -1.26439538E-02 11 -1.81953181E-02
 103 1 8 0.00000000E+00 7 1.00000000 6 0.00000000E+00 10 0.00000000E+00 4 0.00000000E+00 9 0.00000000E+00 11 0.00000000E+00 5 0.00000000E+00 15 0.00000000E+00
 104 1 7 0.00000000E+00 7 0.637806118 10 6.97469488E-02 11 0.194669008 6 -2.50211880E-02 4 5.86873777E-02 9 -1.81740411E-02 12 8.22857767E-02
 115 1 8 0.00000000E+00 5 0.459904552 8 0.459904552 6 5.42658158E-02 9 5.42658158E-02 3 -2.55543273E-03 13 -2.55543273E-03 4 -1.16149345E-02 14 -1.16149345E-02
 116 1 10 0.00000000E+00 5 0.267048925 6 0.276261330 8 0.267048925 9 0.276261330 3 -1.73188914E-02 4 -1.26880873E-02 7 -1.33032836E-02 10 -1.33032836E-02 13 -1.73188914E-02 14 -1.26880873E-02
 117 1 11 0.00000000E+00 6 0.427218467 9 0.427997887 5 5.77731580E-02 7 5.18371388E-02 8 5.75028732E-02 10 5.75048998E-02 4 -2.24723909E-02 14 -1.68341808E-02 3 -1.34487059E-02 13 -1.35048479E-02 15 -1.35742808E-02
 118 1 10 0.00000000E+00 6 0.274953216 7 0.264497399 9 0.275606066 10 0.274953216 4 -1.92978755E-02 5 -1.26691833E-02 8 -1.30378846E-02 11 -1.92978755E-02 14 -1.30378846E-02 15 -1.26691833E-02
 119 1 9 0.00000000E+00 7 0.439430982 10 0.430170655 6 5.59353344E-02 9 5.72390333E-02 11 7.83863738E-02 15 -1.76871791E-02 4 -1.81953181E-02 14 -1.26439538E-02 16 -1.26359388E-02
 120 1 8 0.00000000E+00 7 0.375869900 10 0.285951525 11 0.359065145 6 -1.14218323E-02 9 -1.45694027E-02 12 3.89596932E-02 15 -1.34306615E-02 16 -2.04243623E-02
 121 1 7 0.00000000E+00 11 0.570289850 7 0.233766079 10 7.39383772E-02 12 0.177121118 16 -3.02277617E-02 15 -1.26925781E-02 17 -1.21950591E-02
 122 1 6 0.00000000E+00 11 0.405062169 12 0.467538327 7 0.156054854 10 2.00062571E-03 16 -2.33615618E-02 17 -7.29440479E-03
 131 1 9 0.00000000E+00 8 1.00000000 5 0.00000000E+00 9 0.00000000E+00 13 0.00000000E+00 6 0.00000000E+00 14 0.00000000E+00 3 0.00000000E+00 10 0.00000000E+00 19 0.00000000E+00
 132 1 9 0.00000000E+00 8 0.414972603 9 0.430505365 5 4.36902121E-02 6 5.78540675E-02 13 4.36902121E-02 14 5.78540675E-02 10 -1.73315909E-02 7 -1.56174572E-02 15 -1.56174572E-02
 133 1 12 0.00000000E+00 9 1.00000000 6 0.00000000E+00 8 0.00000000E+00 10 0.00000000E+00 14 0.00000000E+00 5 0.00000000E+00 7 0.00000000E+00 13 0.00000000E+00 15 0.00000000E+00 4 0.00000000E+00 11 0.00000000E+00 20 0.00000000E+00
 134 1 11 0.00000000E+00 9 0.427997887 10 0.427218467 6 5.75048998E-02 7 5.18371388E-02 14 5.75028732E-02 15 5.77731580E-02 8 -1.68341808E-02 11 -2.24723909E-02 5 -1.35742808E-02 13 -1.35048479E-02 16 -1.34487059E-02
 135 1 10 0.00000000E+00 10 1.00000000 7 0.00000000E+00 9 0.00000000E+00 11 0.00000000E+00 15 0.00000000E+00 6 0.00000000E+00 14 0.00000000E+00 16 0.00000000E+00 8 0.00000000E+00 12 0.00000000E+00
 136 1 10 0.00000000E+00 10 0.429789394 11 0.443882108 7 7.92811587E-02 15 5.70364334E-02 16 5.62942922E-02 9 -1.76470410E-02 12 -1.06577510E-02 6 -1.22841243E-02 14 -1.23223355E-02 17 -1.33721475E-02
 137 1 9 0.00000000E+00 11 1.00000000 10 0.00000000E+00 12 0.00000000E+00 16 0.00000000E+00 7 0.00000000E+00 15 0.00000000E+00 17 0.00000000E+00 9 0.00000000E+00 21 0.00000000E+00
 138 1 8 0.00000000E+00 11 0.455398321 12 0.456448078 16 5.50290644E-02 17 5.42521402E-02 10 -1.47306528E-02 7 2.10235771E-02 15 -1.26648592E-02 18 -1.47556830E-02
 139 1 7 0.00000000E+00 12 1.00000000 11 0.00000000E+00 17 0.00000000E+00 16 0.00000000E+00 18 0.00000000E+00 10 0.00000000E+00 22 0.00000000E+00
 147 1 8 0.00000000E+00 8 0.459904552 13 0.459904552 9 5.42658158E-02 14 5.42658158E-02 5 -2.55543273E-03 19 -2.55543273E-03 6 -1.16149345E-02 20 -1.16149345E-02
 148 1 10 0.00000000E+00 8 0.267048925 9 0.276261330 13 0.267048925 14 0.276261330 5 -1.73188914E-02 6 -1.26880873E-02 10 -1.33032836E-02 15 -1.33032836E-02 19 -1.73188914E-02 20 -1.26880873E-02
 149 1 11 0.00000000E+00 9 0.427997887 14 0.427218467 8 5.75028732E-02 10 5.75048998E-02 13 5.77731580E-02 15 5.18371388E-02 6 -1.68341808E-02 20 -2.24723909E-02 5 -1.35048479E-02 7 -1.35742808E-02 19 -1.34487059E-02
 150 1 11 0.00000000E+00 9 0.275173724 10 0.275405705 14 0.274437785 15 0.270886123 6 -1.27063068E-02 7 -1.26818931E-02 8 -1.26487203E-02 11 -1.23885181E-02 13 -1.23885181E-02 16 -1.52905295E-02 20 -1.77988615E-02
 151 1 10 0.00000000E+00 10 0.427607477 15 0.423559427 9 5.80459870E-02 11 5.20600192E-02 14 5.68767227E-02 16 5.68787642E-02 7 -2.25740001E-02 6 -1.35618784E-02 20 -1.94112491E-02 21 -1.94812659E-02
 152 1 10 0.00000000E+00 10 0.274942338 11 0.271079481 15 0.271079481 16 0.274942338 7 -1.81465577E-02 9 -1.23234326E-02 12 -1.55518474E-02 14 -1.55518474E-02 17 -1.23234326E-02 21 -1.81465577E-02
 153 1 9 0.00000000E+00 11 0.420320898 16 0.428610682 10 5.68004362E-02 12 4.63002399E-02 15 5.16365059E-02 17 5.80541454E-02 21 -2.32089423E-02 7 -2.38594282E-02 22 -1.46545498E-02
 154 1 9 0.00000000E+00 11 0.266926527 12 0.259360790 16 0.276861459 17 0.275825560 10 -1.81160104E-02 15 -1.31376535E-02 18 -2.06313226E-02 21 -1.37406802E-02 22 -1.33486707E-02
 155 1 8 0.00000000E+00 12 0.434431970 17 0.431360245 11 4.54206131E-02 16 5.72650917E-02 18 7.73134381E-02 22 -1.79205649E-02 21 -1.39837256E-02 23 -1.38870580E-02
 156 1 7 0.00000000E+00 12 0.380188316 17 0.283455372 18 0.380188316 11 -8.82164389E-03 16 -1.30943563E-02 22 -1.30943563E-02 23 -8.82164389E-03
 157 1 5 0.00000000E+00 18 0.662661374 12 0.261157393 17 6.82322383E-02 23 1.61888804E-02 22 -8.23989883E-03
 162 1 6 0.00000000E+00 13 0.619645774 8 0.209515065 19 0.209515065 14 -3.81789692E-02 9 -2.48481403E-04 20 -2.48481403E-04
 163 1 8 0.00000000E+00 13 1.00000000 8 0.00000000E+00 14 0.00000000E+00 19 0.00000000E+00 9 0.00000000E+00 20 0.00000000E+00 5 0.00000000E+00 15 0.00000000E+00
 164 1 8 0.00000000E+00 13 0.415183127 14 0.430199772 8 4.31062207E-02 9 5.80645986E-02 19 4.30716649E-02 20 5.08981384E-02 15 -2.42875181E-02 10 -1.62360035E-02
 165 1 11 0.00000000E+00 14 1.00000000 9 0.00000000E+00 13 0.00000000E+00 15 0.00000000E+00 20 0.00000000E+00 8 0.00000000E+00 10 0.00000000E+00 19 0.00000000E+00 6 0.00000000E+00 16 0.00000000E+00 24 0.00000000E+00
 166 1 11 0.00000000E+00 14 0.429927409 15 0.442665428 9 5.70112132E-02 10 5.64822592E-02 20 7.78800994E-02 13 -1.76560637E-02 16 -1.45881278E-02 8 -1.26701761E-02 11 -1.36202592E-02 19 -1.26772923E-02 21 7.24552292E-03
 167 1 11 0.00000000E+00 15 1.00000000 10 0.00000000E+00 14 0.00000000E+00 16 0.00000000E+00 9 0.00000000E+00 11 0.00000000E+00 20 0.00000000E+00 21 0.00000000E+00 7 0.00000000E+00 13 0.00000000E+00 17 0.00000000E+00
 168 1 11 0.00000000E+00 15 0.442665428 16 0.429927409 10 5.64822592E-02 11 5.70112132E-02 21 7.78800994E-02 14 -1.45881278E-02 17 -1.76560637E-02 9 -1.36202592E-02 12 -1.26701761E-02 20 7.24552292E-03 22 -1.26772923E-02
 169 1 11 0.00000000E+00 16 1.00000000 11 0.00000000E+00 15 0.00000000E+00 17 0.00000000E+00 21 0.00000000E+00 10 0.00000000E+00 12 0.00000000E+00 22 0.00000000E+00 14 0.00000000E+00 18 0.00000000E+00 25 0.00000000E+00
 170 1 10 0.00000000E+00 16 0.427669972 17 0.427669972 11 5.76811135E-02 12 5.15091233E-02 21 5.15091233E-02 22 5.76811135E-02 15 -2.28094943E-02 18 -2.28094943E-02 10 -1.40507203E-02 23 -1.40507203E-02
 171 1 9 0.00000000E+00 17 1.00000000 12 0.00000000E+00 16 0.00000000E+00 18 0.00000000E+00 22 0.00000000E+00 11 0.00000000E+00 21 0.00000000E+00 23 0.00000000E+00 15 0.00000000E+00
 172 1 8 0.00000000E+00 17 0.431360245 18 0.434431970 12 7.73134381E-02 22 5.72650917E-02 23 4.54206131E-02 16 -1.79205649E-02 11 -1.38870580E-02 21 -1.39837256E-02
 173 1 7 0.00000000E+00 18 1.00000000 17 0.00000000E+00 23 0.00000000E+00 12 0.00000000E+00 22 0.00000000E+00 16 0.00000000E+00 26 0.00000000E+00
 178 1 5 0.00000000E+00 13 0.438263118 19 0.489245117 8 9.64231342E-02 14 -2.49728914E-02 20 1.04152923E-03
 179 1 7 0.00000000E+00 13 0.459889233 19 0.458771229 14 5.43263406E-02 20 5.41849174E-02 8 -2.67435517E-03 9 -1.17000910E-02 24 -1.27972513E-02
 180 1 8 0.00000000E+00 13 0.267050803 14 0.276392937 19 0.259725004 20 0.271541864 8 -1.84339695E-02 9 -1.30762197E-02 15 -1.95005145E-02 24 -2.36999057E-02
 181 1 9 0.00000000E+00 14 0.430264026 20 0.443521857 13 5.69353998E-02 15 7.91690946E-02 19 5.03716320E-02 9 -1.77600440E-02 24 -1.67717040E-02 8 -1.29187303E-02 10 -1.28115257E-02
 182 1 10 0.00000000E+00 14 0.288517952 15 0.346049815 20 0.350642800 9 -1.60802044E-02 10 -2.03281585E-02 13 -1.63534619E-02 16 -4.47901618E-03 19 -2.17202771E-02 21 7.25564733E-02 24 2.11940929E-02
 184 1 10 0.00000000E+00 15 0.346049815 16 0.288517952 21 0.350642800 10 -2.03281585E-02 11 -1.60802044E-02 14 -4.47901618E-03 17 -1.63534619E-02 20 7.25564733E-02 22 -2.17202771E-02 25 2.11940929E-02
 185 1 9 0.00000000E+00 16 0.430264026 21 0.443521857 15 7.91690946E-02 17 5.69353998E-02 22 5.03716320E-02 11 -1.77600440E-02 25 -1.67717040E-02 10 -1.28115257E-02 12 -1.29187303E-02
 186 1 10 0.00000000E+00 16 0.274710506 17 0.275673598 21 0.270444274 22 0.271407366 11 -1.26428735E-02 12 -1.28774848E-02 15 -1.79689080E-02 18 -1.26428735E-02 23 -1.55061055E-02 25 -2.05975287E-02
 187 1 10 0.00000000E+00 17 0.427607477 22 0.423559427 16 5.80459870E-02 18 5.20600192E-02 21 5.68767227E-02 23 5.68787642E-02 12 -2.25740001E-02 11 -1.35618784E-02 25 -1.94112491E-02 26 -1.94812659E-02
 188 1 8 0.00000000E+00 17 0.276359081 18 0.259433299 22 0.272637457 23 0.266416401 12 -2.10212786E-02 16 -1.32882353E-02 21 -1.67526416E-02 26 -2.37840787E-02
 189 1 6 0.00000000E+00 18 0.458875537 23 0.459516078 17 5.41023053E-02 22 4.91408110E-02 26 -8.11179448E-03 12 -1.35229351E-02
 195 1 6 0.00000000E+00 19 1.00000000 13 0.00000000E+00 20 0.00000000E+00 14 0.00000000E+00 24 0.00000000E+00 8 0.00000000E+00
 196 1 6 0.00000000E+00 19 0.435015261 20 0.423365593 13 4.48031761E-02 14 5.65360673E-02 24 6.52908534E-02 15 -2.50109509E-02
 197 1 8 0.00000000E+00 20 1.00000000 14 0.00000000E+00 19 0.00000000E+00 24 0.00000000E+00 13 0.00000000E+00 15 0.00000000E+00 9 0.00000000E+00 21 0.00000000E+00
 198 1 9 0.00000000E+00 20 0.554004669 14 7.36289918E-02 15 0.165049851 24 0.123862997 19 -3.96791175E-02 21 0.100838013 13 -2.43332684E-02 16 -7.11038196E-03 25 5.37382662E-02
 200 1 9 0.00000000E+00 21 0.554004669 15 0.165049851 16 7.36289918E-02 25 0.123862997 20 0.100838013 22 -3.96791175E-02 14 -7.11038196E-03 17 -2.43332684E-02 24 5.37382662E-02
 201 1 9 0.00000000E+00 21 1.00000000 16 0.00000000E+00 22 0.00000000E+00 25 0.00000000E+00 15 0.00000000E+00 17 0.00000000E+00 11 0.00000000E+00 20 0.00000000E+00 23 0.00000000E+00
 202 1 9 0.00000000E+00 21 0.422108054 22 0.444146276 16 5.62832989E-02 17 5.67537025E-02 25 6.70699850E-02 23 -1.48476092E-02 15 -2.30653156E-02 18 -1.46483080E-02 26 6.19991729E-03
 203 1 9 0.00000000E+00 22 1.00000000 17 0.00000000E+00 21 0.00000000E+00 23 0.00000000E+00 16 0.00000000E+00 18 0.00000000E+00 25 0.00000000E+00 26 0.00000000E+00 12 0.00000000E+00
 204 1 8 0.00000000E+00 22 0.445710540 23 0.417119473 17 5.67461289E-02 18 4.30743620E-02 26 6.40375912E-02 21 -1.51847024E-02 16 -1.62333082E-02 25 4.72991774E-03
 205 1 6 0.00000000E+00 23 1.00000000 18 0.00000000E+00 22 0.00000000E+00 26 0.00000000E+00 17 0.00000000E+00 21 0.00000000E+00
 211 1 5 0.00000000E+00 19 0.662661374 20 6.82322383E-02 24 0.261157393 13 1.61888804E-02 14 -8.23989883E-03
 212 1 5 0.00000000E+00 19 0.380691677 20 0.276182055 24 0.370894879 13 -9.64880176E-03 14 -1.81197934E-02
 213 1 7 0.00000000E+00 20 0.456699491 24 0.465406597 19 7.47131929E-02 14 -1.57817099E-02 13 -1.31013272E-02 15 1.87160764E-02 27 1.33476956E-02
 214 1 8 0.00000000E+00 20 0.384994388 24 0.369713157 14 -8.28150753E-03 15 6.50142059E-02 19 -4.39750440E-02 21 8.65001976E-02 25 8.68415385E-02 27 5.91930673E-02
 216 1 8 0.00000000E+00 21 0.384994388 25 0.369713157 15 6.50142059E-02 16 -8.28150753E-03 20 8.65001976E-02 22 -4.39750440E-02 24 8.68415385E-02 27 5.91930673E-02
 217 1 7 0.00000000E+00 21 0.456699491 25 0.465406597 22 7.47131929E-02 16 -1.57817099E-02 15 1.87160764E-02 17 -1.31013272E-02 27 1.33476956E-02
 218 1 7 0.00000000E+00 21 0.277225554 22 0.348500848 25 0.347367287 16 -2.22083796E-02 17 -2.02864241E-02 23 -5.24798548E-03 26 7.46491104E-02
 221 1 5 0.00000000E+00 23 0.461649686 26 0.476939321 22 7.51991868E-02 18 -3.10852961E-03 17 -1.06796753E-02
 228 1 4 0.00000000E+00 24 0.633902729 19 0.252723098 20 5.81713766E-02 27 5.52028157E-02
 229 1 6 0.00000000E+00 24 1.00000000 20 0.00000000E+00 19 0.00000000E+00 27 0.00000000E+00 14 0.00000000E+00 25 0.00000000E+00
 232 1 6 0.00000000E+00 25 0.564519644 21 0.132287920 27 0.187124044 24 9.76559147E-02 20 5.46078682E-02 22 -3.61954086E-02
 233 1 7 0.00000000E+00 25 1.00000000 21 0.00000000E+00 22 0.00000000E+00 27 0.00000000E+00 16 0.00000000E+00 24 0.00000000E+00 26 0.00000000E+00
 236 1 5 0.00000000E+00 26 0.616287410 22 0.169849202 23 5.77460118E-02 25 0.157805249 21 -1.68788200E-03
 237 1 5 0.00000000E+00 26 1.00000000 23 0.00000000E+00 22 0.00000000E+00 18 0.00000000E+00 25 0.00000000E+00
 238 1 3 0.00000000E+00 26 0.755816460 23 0.223762438 22 2.04210766E-02
 246 1 4 0.00000000E+00 24 0.455951869 27 0.450075507 20 2.17033103E-02 25 7.22693130E-02
 248 1 4 0.00000000E+00 25 0.455951869 27 0.450075507 21 2.17033103E-02 24 7.22693130E-02
 249 1 4 0.00000000E+00 25 0.664705575 27 0.281812608 21 -1.47813214E-02 22 6.82631359E-02
 252 1 4 0.00000000E+00 26 0.643130720 22 8.97128060E-02 23 1.20002683E-02 25 0.255156189
 253 1 3 0.00000000E+00 26 0.848983645 23 3.74281630E-02 22 0.113588214
 254 1 2 0.00000000E+00 26 0.815910339 23 0.184089661
 263 1 3 0.00000000E+00 27 1.00000000 24 0.00000000E+00 25 0.00000000E+00
 264 1 3 0.00000000E+00 27 0.688996673 25 0.286619872 24 2.43834704E-02
 268 1 2 0.00000000E+00 26 0.631118178 25 0.368881792
 280 1 2 0.00000000E+00 27 0.745202899 25 0.254797101
 284 1 2 0.00000000E+00 26 0.500000000 28 0.500000000
 296 1 1 0.00000000E+00 27 0.5000000000000000
 300 1 1 0.00000000E+00 28 0.5000000000000000
 309 1 1 0.00000000E+00 27 0.5000000000000000
 310 1 1 0.00000000E+00 27 0.5000000000000000
 316 1 1 0.00000000E+00 28 0.5000000000000000
 318 1 1 0.00000000E+00 28 0.5000000000000000
 333 1 1 0.00000000E+00 28 0.5000000000000000
