points5.pts
zone5.inf
 16 28
 11
KH_LTA0
KH_LTA1
KH_LTA2
KH_LTA3
KH_LTA4
KH_LTA5
KH_LTA6
KH_LTA7
KH_LTA8
KH_LTA9
KH_LTA10
 2 1 1 0.00000000E+00 1 0.000000000000000E+00
 3 1 1 0.00000000E+00 1 0.000000000000000E+00
 18 1 1 0.00000000E+00 1 0.000000000000000E+00
 19 1 1 0.00000000E+00 1 0.000000000000000E+00
 34 1 1 0.00000000E+00 1 0.000000000000000E+00
 35 1 1 0.00000000E+00 1 0.000000000000000E+00
 36 1 1 0.00000000E+00 1 0.000000000000000E+00
 50 1 1 0.00000000E+00 1 0.000000000000000E+00
 51 1 2 0.00000000E+00 1 1.00000000 2 0.00000000E+00
 52 1 2 0.00000000E+00 1 0.773752153 2 0.226247862
 66 1 2 0.00000000E+00 1 0.749314427 2 0.250685543
 67 1 2 0.00000000E+00 1 0.740517616 2 0.259482414
 68 1 2 0.00000000E+00 1 0.609780252 2 0.390219748
 69 1 3 0.00000000E+00 2 0.410814911 1 0.420386016 3 0.168799102
 70 1 3 0.00000000E+00 2 0.372624457 3 0.323303193 1 0.304072350
 83 1 2 0.00000000E+00 1 0.529259384 2 0.470740616
 84 1 3 0.00000000E+00 2 0.558718026 1 0.368109643 4 7.31723383E-02
 85 1 3 0.00000000E+00 2 0.658889949 1 0.224779844 3 0.116330199
 86 1 3 0.00000000E+00 2 0.521433890 3 0.324760020 1 0.153806105
 99 1 3 0.00000000E+00 2 0.432495445 1 0.308935612 4 0.258568913
 101 1 5 0.00000000E+00 2 1.00000000 3 0.00000000E+00 4 0.00000000E+00 1 0.00000000E+00 5 0.00000000E+00
 102 1 4 0.00000000E+00 2 0.614762783 3 0.288199246 5 7.56956041E-02 4 2.13423762E-02
 104 1 4 0.00000000E+00 3 1.00000000 2 0.00000000E+00 5 0.00000000E+00 6 0.00000000E+00
 115 1 3 0.00000000E+00 2 0.367826939 4 0.435347229 1 0.196825817
 116 1 3 0.00000000E+00 2 0.564089894 4 0.382543832 5 5.33662550E-02
 117 1 4 0.00000000E+00 2 0.604426324 4 0.228138030 5 0.117749095 3 4.96865585E-02
 118 1 4 0.00000000E+00 2 0.446972817 3 0.213460192 5 0.230719849 4 0.108847156
 119 1 5 0.00000000E+00 3 0.442372441 5 0.279599607 2 0.218875811 4 3.24921831E-02 6 2.66599599E-02
 120 1 4 0.00000000E+00 3 0.602478802 5 0.213251770 6 0.134697542 2 4.95718569E-02
 121 1 3 0.00000000E+00 3 0.548581183 6 0.325024545 5 0.126394272
 122 1 4 0.00000000E+00 6 0.388932765 3 0.397814900 5 5.00869825E-02 7 0.163165346
 131 1 3 0.00000000E+00 4 0.605145693 2 0.276235968 8 0.118618362
 132 1 3 0.00000000E+00 4 0.654026210 2 0.282808751 5 6.31650165E-02
 133 1 4 0.00000000E+00 4 0.452340961 2 0.292011768 5 0.220308751 3 3.53385136E-02
 134 1 4 0.00000000E+00 5 0.446972817 2 0.230719849 4 0.213460192 3 0.108847156
 135 1 5 0.00000000E+00 5 0.583405554 3 0.211255759 2 0.115322329 4 4.48661298E-02 6 4.51502018E-02
 136 1 4 0.00000000E+00 5 0.443817973 3 0.293412477 6 0.232907400 2 2.98621356E-02
 137 1 4 0.00000000E+00 6 0.492817760 3 0.282027096 5 0.220619589 9 4.53555956E-03
 138 1 4 0.00000000E+00 6 0.635617852 3 0.200775027 5 5.32685556E-02 7 0.110338598
 139 1 3 0.00000000E+00 6 0.521433890 7 0.324760020 3 0.153806105
 147 1 4 0.00000000E+00 4 0.704360664 8 0.191327691 2 0.108391024 5 -4.07938985E-03
 148 1 4 0.00000000E+00 4 1.00000000 5 0.00000000E+00 2 0.00000000E+00 8 0.00000000E+00
 149 1 4 0.00000000E+00 4 0.590120196 5 0.284512609 2 8.30555186E-02 8 4.23116945E-02
 150 1 5 0.00000000E+00 5 0.615096569 4 0.288275778 2 7.57341385E-02 3 2.16104575E-02 6 -7.16962852E-04
 151 1 6 0.00000000E+00 5 1.00000000 4 0.00000000E+00 6 0.00000000E+00 3 0.00000000E+00 2 0.00000000E+00 9 0.00000000E+00
 152 1 5 0.00000000E+00 5 0.590803742 6 0.258549005 3 8.42195228E-02 9 7.95170590E-02 4 -1.30892992E-02
 153 1 5 0.00000000E+00 6 0.590803742 5 0.258549005 9 8.42195228E-02 3 7.95170590E-02 7 -1.30892992E-02
 154 1 5 0.00000000E+00 6 1.00000000 5 0.00000000E+00 7 0.00000000E+00 9 0.00000000E+00 3 0.00000000E+00
 155 1 4 0.00000000E+00 6 0.626523793 7 0.318011791 9 5.27650081E-02 5 2.69939005E-03
 156 1 2 0.00000000E+00 7 0.663247883 6 0.336752087
 157 1 2 0.00000000E+00 7 1.00000000 6 0.00000000E+00
 163 1 2 0.00000000E+00 4 0.587532461 8 0.412467569
 164 1 3 0.00000000E+00 4 0.624715209 8 0.278684825 5 9.65999961E-02
 165 1 4 0.00000000E+00 4 0.484905809 5 0.303747475 8 0.207332462 2 4.01425827E-03
 166 1 4 0.00000000E+00 5 0.501954675 4 0.254643440 8 0.124116160 9 0.119285680
 167 1 4 0.00000000E+00 5 0.635617852 9 0.200775027 4 0.110338598 6 5.32685556E-02
 168 1 4 0.00000000E+00 5 0.492817760 6 0.220619589 9 0.282027096 3 4.53555956E-03
 169 1 3 0.00000000E+00 6 0.455245912 9 0.308833122 5 0.235920966
 170 1 4 0.00000000E+00 6 0.600806117 9 0.258695602 5 5.03523685E-02 7 9.01458934E-02
 171 1 3 0.00000000E+00 6 0.486727238 7 0.305383295 9 0.207889482
 172 1 3 0.00000000E+00 7 0.568683922 6 0.270624131 9 0.160691947
 173 1 2 0.00000000E+00 7 0.808182061 6 0.191817924
 178 1 2 0.00000000E+00 8 0.691356719 4 0.308643311
 179 1 2 0.00000000E+00 8 0.689444363 4 0.310555637
 180 1 3 0.00000000E+00 8 0.546914101 4 0.329972297 5 0.123113640
 181 1 3 0.00000000E+00 4 0.307735950 8 0.405334562 5 0.286929488
 184 1 4 0.00000000E+00 9 0.511195362 5 0.311500996 6 0.117690541 10 5.96131235E-02
 185 1 3 0.00000000E+00 9 0.628077447 6 0.232222423 5 0.139700145
 186 1 4 0.00000000E+00 9 0.532410800 6 0.312624961 5 3.65334079E-02 7 0.118430831
 188 1 3 0.00000000E+00 7 0.468952775 6 0.221895382 9 0.309151828
 189 1 2 0.00000000E+00 7 0.690022886 6 0.309977144
 195 1 2 0.00000000E+00 8 1.00000000 4 0.00000000E+00
 196 1 2 0.00000000E+00 8 0.780405045 4 0.219594955
 197 1 4 0.00000000E+00 8 0.489841163 4 0.154420078 5 0.152686596 9 0.203052163
 200 1 4 0.00000000E+00 9 0.652377188 10 0.158768415 5 0.167001873 6 2.18525212E-02
 201 1 4 0.00000000E+00 9 1.00000000 6 0.00000000E+00 10 0.00000000E+00 5 0.00000000E+00
 205 1 3 0.00000000E+00 7 0.387326628 11 0.379341066 9 0.233332291
 211 1 1 0.00000000E+00 8 0.3873266340271749
 212 1 2 0.00000000E+00 8 0.805912077 4 0.194087908
 213 1 2 0.00000000E+00 8 0.608027160 10 0.391972870
 214 1 3 0.00000000E+00 10 0.344441742 8 0.376732677 9 0.278825581
 221 1 2 0.00000000E+00 11 0.630458891 7 0.369541079
 232 1 2 0.00000000E+00 10 0.689444363 9 0.310555637
 237 1 1 0.00000000E+00 11 0.6894443602987292
 238 1 1 0.00000000E+00 11 0.6894443602987292
 243 1 1 0.00000000E+00 8 0.6894443602987292
 248 1 2 0.00000000E+00 10 1.00000000 9 0.00000000E+00
 253 1 1 0.00000000E+00 11 1.000000000000000
 254 1 1 0.00000000E+00 11 1.000000000000000
 264 1 1 0.00000000E+00 10 1.000000000000000
 280 1 1 0.00000000E+00 10 1.000000000000000
 296 1 1 0.00000000E+00 10 1.000000000000000
