points0.pts
zone0.inf
 16 28
 12
PP0
PP1
PP2
PP3
PP4
PP5
PP6
PP7
PP8
PP9
PP10
PP11
 2 1 4 0.00000000E+00 1 1.00000000 2 0.00000000E+00 3 0.00000000E+00 4 0.00000000E+00
 3 1 4 0.00000000E+00 1 0.485528797 2 0.462982088 3 1.21404706E-02 4 3.93486358E-02
 18 1 4 0.00000000E+00 1 0.477678359 2 0.427158743 3 7.93977007E-02 4 1.57651883E-02
 19 1 4 0.00000000E+00 2 1.00000000 1 0.00000000E+00 3 0.00000000E+00 4 0.00000000E+00
 35 1 4 0.00000000E+00 2 0.535026670 3 0.391086847 1 6.22199997E-02 4 1.16665084E-02
 36 1 5 0.00000000E+00 3 0.533135951 2 0.388966382 4 4.77290340E-02 1 6.68752333E-03 5 2.34810952E-02
 52 1 5 0.00000000E+00 3 1.00000000 4 0.00000000E+00 2 0.00000000E+00 1 0.00000000E+00 5 0.00000000E+00
 66 1 4 0.00000000E+00 3 0.405616134 4 0.239270374 2 0.160561025 1 0.194552466
 68 1 5 0.00000000E+00 3 0.460039884 4 0.462978661 2 8.84073693E-03 1 3.16005796E-02 5 3.65401432E-02
 69 1 5 0.00000000E+00 4 1.00000000 3 0.00000000E+00 2 0.00000000E+00 5 0.00000000E+00 1 0.00000000E+00
 81 1 4 0.00000000E+00 3 0.291237712 4 0.307930529 2 0.137200385 1 0.263631374
 85 1 5 0.00000000E+00 4 0.694123507 3 6.44167066E-02 5 0.202859908 2 2.87969387E-03 1 3.57202068E-02
 104 1 3 0.00000000E+00 5 1.00000000 4 0.00000000E+00 3 0.00000000E+00
 122 1 2 0.00000000E+00 5 0.785363615 4 0.214636371
 163 1 3 0.00000000E+00 6 0.864983916 7 3.94373313E-02 8 9.55787376E-02
 179 1 3 0.00000000E+00 6 1.00000000 7 0.00000000E+00 8 0.00000000E+00
 195 1 3 0.00000000E+00 6 0.586542785 7 0.394584894 8 1.88723356E-02
 211 1 3 0.00000000E+00 7 0.625687897 6 0.285103619 8 8.92084986E-02
 212 1 3 0.00000000E+00 7 1.00000000 8 0.00000000E+00 6 0.00000000E+00
 227 1 3 0.00000000E+00 7 0.516086280 8 0.298234642 6 0.185679048
 228 1 3 0.00000000E+00 7 0.465194315 8 0.490085840 6 4.47198413E-02
 229 1 4 0.00000000E+00 8 1.00000000 7 0.00000000E+00 6 0.00000000E+00 10 0.00000000E+00
 245 1 6 0.00000000E+00 8 0.725598097 7 5.99071905E-02 6 1.90090034E-02 10 6.62047789E-02 12 9.80706364E-02 11 3.12103182E-02
 251 1 3 0.00000000E+00 9 0.637296438 10 0.299408615 11 6.32949471E-02
 268 1 3 0.00000000E+00 9 1.00000000 10 0.00000000E+00 11 0.00000000E+00
 269 1 3 0.00000000E+00 9 0.855471432 10 4.20648679E-02 11 0.102463715
 270 1 3 0.00000000E+00 9 0.749574542 10 7.25608841E-02 11 0.177864552
 282 1 5 0.00000000E+00 10 1.00000000 9 0.00000000E+00 11 0.00000000E+00 12 0.00000000E+00 8 0.00000000E+00
 299 1 4 0.00000000E+00 10 0.435466290 9 0.278164536 11 0.267464727 12 1.89044513E-02
 311 1 5 0.00000000E+00 12 0.639711142 11 0.203676879 10 6.59679249E-02 8 9.10713822E-02 9 -4.27321589E-04
 313 1 4 0.00000000E+00 11 1.00000000 10 0.00000000E+00 12 0.00000000E+00 9 0.00000000E+00
 314 1 4 0.00000000E+00 11 0.649583519 10 0.213849276 12 3.65292728E-02 9 0.100037940
 315 1 4 0.00000000E+00 11 0.432802290 10 0.262362003 9 0.237163469 12 6.76722303E-02
 327 1 3 0.00000000E+00 12 1.00000000 11 0.00000000E+00 10 0.00000000E+00
 332 1 4 0.00000000E+00 11 0.357575327 10 0.163962513 9 0.317553073 12 0.160909086
