points2.pts
zone2.inf
 16 28
 20
PP0
PP1
PP2
PP3
PP4
PP5
PP6
PP7
PP8
PP9
PP10
PP11
PP12
PP13
PP14
PP15
PP16
PP17
PP18
PP19
 2 1 1 0.00000000E+00 1 0.000000000000000E+00
 3 1 1 0.00000000E+00 1 0.000000000000000E+00
 18 1 1 0.00000000E+00 1 0.000000000000000E+00
 19 1 1 0.00000000E+00 1 0.000000000000000E+00
 34 1 2 0.00000000E+00 1 0.805912077 2 0.194087908
 35 1 1 0.00000000E+00 1 0.8059120961317012
 36 1 1 0.00000000E+00 1 0.8059120961317012
 50 1 2 0.00000000E+00 1 0.780405045 2 0.219594955
 51 1 3 0.00000000E+00 1 1.00000000 2 0.00000000E+00 3 0.00000000E+00
 52 1 3 0.00000000E+00 1 0.751947403 3 0.203019306 2 4.50332910E-02
 66 1 3 0.00000000E+00 1 0.564089894 2 0.382543832 3 5.33662550E-02
 67 1 3 0.00000000E+00 1 0.628077447 2 0.232222423 3 0.139700145
 68 1 3 0.00000000E+00 1 0.548581183 3 0.325024545 2 0.126394272
 69 1 4 0.00000000E+00 3 0.388932765 1 0.397814900 2 5.00869825E-02 4 0.163165346
 70 1 3 0.00000000E+00 3 0.372624457 4 0.323303193 1 0.304072350
 82 1 3 0.00000000E+00 2 0.654026210 1 0.282808751 3 6.31650165E-02
 83 1 3 0.00000000E+00 2 0.455245912 1 0.308833122 3 0.235920966
 84 1 4 0.00000000E+00 3 0.492817760 1 0.282027096 2 0.220619589 5 4.53555956E-03
 85 1 4 0.00000000E+00 3 0.635617852 1 0.200775027 2 5.32685556E-02 4 0.110338598
 86 1 3 0.00000000E+00 3 0.521433890 4 0.324760020 1 0.153806105
 97 1 3 0.00000000E+00 2 0.814270735 1 0.137830123 3 4.78991419E-02
 98 1 4 0.00000000E+00 2 1.00000000 3 0.00000000E+00 1 0.00000000E+00 5 0.00000000E+00
 99 1 4 0.00000000E+00 2 0.584131420 3 0.258012205 1 8.10161009E-02 5 7.68402591E-02
 100 1 5 0.00000000E+00 3 0.590803742 2 0.258549005 5 8.42195228E-02 1 7.95170590E-02 4 -1.30892992E-02
 101 1 6 0.00000000E+00 3 1.00000000 2 0.00000000E+00 4 0.00000000E+00 5 0.00000000E+00 1 0.00000000E+00 6 0.00000000E+00
 102 1 5 0.00000000E+00 3 0.615096569 4 0.288275778 6 7.57341385E-02 5 2.16104575E-02 2 -7.16962852E-04
 103 1 3 0.00000000E+00 4 0.614426553 3 0.296007544 6 8.95659104E-02
 104 1 4 0.00000000E+00 4 1.00000000 3 0.00000000E+00 6 0.00000000E+00 7 0.00000000E+00
 114 1 3 0.00000000E+00 2 0.705215514 5 0.226344213 3 6.84402436E-02
 115 1 4 0.00000000E+00 2 0.492817760 3 0.220619589 5 0.282027096 1 4.53555956E-03
 116 1 4 0.00000000E+00 3 0.443817973 5 0.293412477 2 0.232907400 6 2.98621356E-02
 117 1 5 0.00000000E+00 3 0.583405554 5 0.211255759 6 0.115322329 2 4.51502018E-02 4 4.48661298E-02
 118 1 4 0.00000000E+00 3 0.446972817 4 0.213460192 6 0.230719849 5 0.108847156
 119 1 5 0.00000000E+00 4 0.442372441 6 0.279599607 3 0.218875811 5 3.24921831E-02 7 2.66599599E-02
 120 1 4 0.00000000E+00 4 0.602478802 6 0.213251770 7 0.134697542 3 4.95718569E-02
 121 1 3 0.00000000E+00 4 0.548581183 7 0.325024545 6 0.126394272
 122 1 4 0.00000000E+00 7 0.388932765 4 0.397814900 6 5.00869825E-02 8 0.163165346
 130 1 3 0.00000000E+00 2 0.491851717 5 0.435625851 3 7.25224167E-02
 131 1 4 0.00000000E+00 5 0.511195362 2 0.311500996 3 0.117690541 9 5.96131235E-02
 132 1 4 0.00000000E+00 5 0.602478802 3 0.213251770 2 0.134697542 6 4.95718569E-02
 133 1 5 0.00000000E+00 5 0.442372441 3 0.279599607 6 0.218875811 2 2.66599599E-02 4 3.24921831E-02
 134 1 5 0.00000000E+00 6 0.449930847 3 0.231098488 5 0.216024518 4 0.109609187 10 -6.66303048E-03
 135 1 5 0.00000000E+00 6 0.583405554 4 0.211255759 3 0.115322329 5 4.48661298E-02 7 4.51502018E-02
 136 1 4 0.00000000E+00 6 0.443817973 4 0.293412477 7 0.232907400 3 2.98621356E-02
 137 1 4 0.00000000E+00 7 0.492817760 4 0.282027096 6 0.220619589 11 4.53555956E-03
 138 1 4 0.00000000E+00 7 0.635617852 4 0.200775027 6 5.32685556E-02 8 0.110338598
 139 1 3 0.00000000E+00 7 0.521433890 8 0.324760020 4 0.153806105
 146 1 3 0.00000000E+00 5 0.432495445 2 0.308935612 9 0.258568913
 147 1 5 0.00000000E+00 5 0.657288790 9 0.161571935 2 0.167669311 3 2.63860617E-02 6 -1.29161049E-02
 148 1 6 0.00000000E+00 5 1.00000000 6 0.00000000E+00 3 0.00000000E+00 9 0.00000000E+00 2 0.00000000E+00 10 0.00000000E+00
 149 1 5 0.00000000E+00 5 0.579350293 6 0.257499903 3 7.97676444E-02 10 7.11625740E-02 9 1.22195920E-02
 150 1 6 0.00000000E+00 6 0.586346626 5 0.257994205 10 8.36895108E-02 3 7.19484091E-02 4 1.87883321E-02 7 -1.87670942E-02
 151 1 7 0.00000000E+00 6 1.00000000 5 0.00000000E+00 7 0.00000000E+00 4 0.00000000E+00 10 0.00000000E+00 3 0.00000000E+00 11 0.00000000E+00
 152 1 6 0.00000000E+00 6 0.586346626 7 0.257994205 4 8.36895108E-02 11 7.19484091E-02 10 1.87883321E-02 5 -1.87670942E-02
 153 1 5 0.00000000E+00 7 0.590803742 6 0.258549005 11 8.42195228E-02 4 7.95170590E-02 8 -1.30892992E-02
 154 1 6 0.00000000E+00 7 1.00000000 6 0.00000000E+00 8 0.00000000E+00 11 0.00000000E+00 4 0.00000000E+00 12 0.00000000E+00
 155 1 5 0.00000000E+00 7 0.615096569 8 0.288275778 12 7.57341385E-02 11 2.16104575E-02 6 -7.16962852E-04
 156 1 3 0.00000000E+00 8 0.614426553 7 0.296007544 12 8.95659104E-02
 157 1 3 0.00000000E+00 8 1.00000000 7 0.00000000E+00 12 0.00000000E+00
 162 1 3 0.00000000E+00 5 0.367826939 9 0.435347229 2 0.196825817
 163 1 3 0.00000000E+00 5 0.564089894 9 0.382543832 10 5.33662550E-02
 164 1 4 0.00000000E+00 5 0.604426324 9 0.228138030 10 0.117749095 6 4.96865585E-02
 165 1 5 0.00000000E+00 5 0.449930847 6 0.216024518 10 0.231098488 9 0.109609187 3 -6.66303048E-03
 166 1 5 0.00000000E+00 6 0.442372441 10 0.279599607 5 0.218875811 9 3.24921831E-02 11 2.66599599E-02
 167 1 5 0.00000000E+00 6 0.583405554 10 0.211255759 11 0.115322329 5 4.51502018E-02 7 4.48661298E-02
 168 1 5 0.00000000E+00 6 0.449930847 7 0.216024518 11 0.231098488 10 0.109609187 4 -6.66303048E-03
 169 1 5 0.00000000E+00 7 0.442372441 11 0.279599607 6 0.218875811 10 3.24921831E-02 12 2.66599599E-02
 170 1 5 0.00000000E+00 7 0.583405554 11 0.211255759 12 0.115322329 6 4.51502018E-02 8 4.48661298E-02
 171 1 4 0.00000000E+00 7 0.446972817 8 0.213460192 12 0.230719849 11 0.108847156
 172 1 4 0.00000000E+00 8 0.452340961 12 0.292011768 7 0.220308751 11 3.53385136E-02
 173 1 3 0.00000000E+00 8 0.654026210 12 0.282808751 7 6.31650165E-02
 178 1 2 0.00000000E+00 9 0.691356719 5 0.308643311
 179 1 3 0.00000000E+00 9 0.654026210 5 0.282808751 10 6.31650165E-02
 180 1 4 0.00000000E+00 9 0.452340961 5 0.292011768 10 0.220308751 6 3.53385136E-02
 181 1 5 0.00000000E+00 10 0.449930847 5 0.231098488 9 0.216024518 6 0.109609187 13 -6.66303048E-03
 182 1 5 0.00000000E+00 10 0.583405554 6 0.211255759 5 0.115322329 9 4.48661298E-02 11 4.51502018E-02
 183 1 5 0.00000000E+00 10 0.442372441 6 0.279599607 11 0.218875811 5 2.66599599E-02 7 3.24921831E-02
 184 1 5 0.00000000E+00 11 0.449930847 6 0.231098488 10 0.216024518 7 0.109609187 14 -6.66303048E-03
 185 1 5 0.00000000E+00 11 0.583405554 7 0.211255759 6 0.115322329 10 4.48661298E-02 12 4.51502018E-02
 186 1 5 0.00000000E+00 11 0.442372441 7 0.279599607 12 0.218875811 6 2.66599599E-02 8 3.24921831E-02
 187 1 5 0.00000000E+00 12 0.449930847 7 0.231098488 11 0.216024518 8 0.109609187 15 -6.66303048E-03
 188 1 4 0.00000000E+00 12 0.604426324 8 0.228138030 7 0.117749095 11 4.96865585E-02
 189 1 3 0.00000000E+00 12 0.564089894 8 0.382543832 7 5.33662550E-02
 195 1 4 0.00000000E+00 9 1.00000000 10 0.00000000E+00 5 0.00000000E+00 13 0.00000000E+00
 196 1 4 0.00000000E+00 9 0.584131420 10 0.258012205 5 8.10161009E-02 13 7.68402591E-02
 197 1 6 0.00000000E+00 10 0.586346626 9 0.257994205 13 8.36895108E-02 5 7.19484091E-02 6 1.87883321E-02 11 -1.87670942E-02
 198 1 7 0.00000000E+00 10 1.00000000 9 0.00000000E+00 11 0.00000000E+00 6 0.00000000E+00 13 0.00000000E+00 5 0.00000000E+00 14 0.00000000E+00
 199 1 6 0.00000000E+00 10 0.586346626 11 0.257994205 6 8.36895108E-02 14 7.19484091E-02 13 1.87883321E-02 9 -1.87670942E-02
 200 1 6 0.00000000E+00 11 0.586346626 10 0.257994205 14 8.36895108E-02 6 7.19484091E-02 7 1.87883321E-02 12 -1.87670942E-02
 201 1 7 0.00000000E+00 11 1.00000000 10 0.00000000E+00 12 0.00000000E+00 7 0.00000000E+00 14 0.00000000E+00 6 0.00000000E+00 15 0.00000000E+00
 202 1 6 0.00000000E+00 11 0.586346626 12 0.257994205 7 8.36895108E-02 15 7.19484091E-02 14 1.87883321E-02 10 -1.87670942E-02
 203 1 5 0.00000000E+00 12 0.579350293 11 0.257499903 15 7.97676444E-02 7 7.11625740E-02 8 1.22195920E-02
 204 1 6 0.00000000E+00 12 1.00000000 11 0.00000000E+00 8 0.00000000E+00 15 0.00000000E+00 7 0.00000000E+00 16 0.00000000E+00
 205 1 5 0.00000000E+00 12 0.657288790 8 0.161571935 16 0.167669311 15 2.63860617E-02 11 -1.29161049E-02
 211 1 3 0.00000000E+00 9 0.705215514 13 0.226344213 10 6.84402436E-02
 212 1 4 0.00000000E+00 9 0.492817760 10 0.220619589 13 0.282027096 5 4.53555956E-03
 213 1 4 0.00000000E+00 10 0.443817973 13 0.293412477 9 0.232907400 14 2.98621356E-02
 214 1 5 0.00000000E+00 10 0.583405554 13 0.211255759 14 0.115322329 9 4.51502018E-02 11 4.48661298E-02
 215 1 5 0.00000000E+00 10 0.449930847 11 0.216024518 14 0.231098488 13 0.109609187 6 -6.66303048E-03
 216 1 5 0.00000000E+00 11 0.442372441 14 0.279599607 10 0.218875811 13 3.24921831E-02 15 2.66599599E-02
 217 1 5 0.00000000E+00 11 0.583405554 14 0.211255759 15 0.115322329 10 4.51502018E-02 12 4.48661298E-02
 218 1 5 0.00000000E+00 11 0.449930847 12 0.216024518 15 0.231098488 14 0.109609187 7 -6.66303048E-03
 219 1 5 0.00000000E+00 12 0.442372441 15 0.279599607 11 0.218875811 14 3.24921831E-02 16 2.66599599E-02
 220 1 4 0.00000000E+00 12 0.602478802 15 0.213251770 16 0.134697542 11 4.95718569E-02
 221 1 4 0.00000000E+00 12 0.511195362 16 0.311500996 15 0.117690541 8 5.96131235E-02
 227 1 3 0.00000000E+00 9 0.491851717 13 0.435625851 10 7.25224167E-02
 228 1 3 0.00000000E+00 13 0.548581183 9 0.325024545 10 0.126394272
 229 1 4 0.00000000E+00 13 0.602478802 10 0.213251770 9 0.134697542 14 4.95718569E-02
 230 1 5 0.00000000E+00 13 0.442372441 10 0.279599607 14 0.218875811 9 2.66599599E-02 11 3.24921831E-02
 231 1 5 0.00000000E+00 14 0.449930847 10 0.231098488 13 0.216024518 11 0.109609187 17 -6.66303048E-03
 232 1 5 0.00000000E+00 14 0.583405554 11 0.211255759 10 0.115322329 13 4.48661298E-02 15 4.51502018E-02
 233 1 5 0.00000000E+00 14 0.442372441 11 0.279599607 15 0.218875811 10 2.66599599E-02 12 3.24921831E-02
 234 1 4 0.00000000E+00 15 0.446972817 11 0.230719849 14 0.213460192 12 0.108847156
 235 1 5 0.00000000E+00 15 0.583405554 12 0.211255759 11 0.115322329 14 4.48661298E-02 16 4.51502018E-02
 236 1 4 0.00000000E+00 15 0.443817973 12 0.293412477 16 0.232907400 11 2.98621356E-02
 237 1 4 0.00000000E+00 16 0.492817760 12 0.282027096 15 0.220619589 18 4.53555956E-03
 238 1 3 0.00000000E+00 16 0.705215514 12 0.226344213 15 6.84402436E-02
 243 1 2 0.00000000E+00 13 0.612933874 9 0.387066126
 244 1 4 0.00000000E+00 13 0.737646759 9 0.200224608 10 3.44353653E-02 14 2.76932437E-02
 245 1 5 0.00000000E+00 13 1.00000000 14 0.00000000E+00 10 0.00000000E+00 9 0.00000000E+00 17 0.00000000E+00
 246 1 4 0.00000000E+00 13 0.584131420 14 0.258012205 10 8.10161009E-02 17 7.68402591E-02
 247 1 6 0.00000000E+00 14 0.586346626 13 0.257994205 17 8.36895108E-02 10 7.19484091E-02 11 1.87883321E-02 15 -1.87670942E-02
 248 1 6 0.00000000E+00 14 1.00000000 13 0.00000000E+00 15 0.00000000E+00 11 0.00000000E+00 17 0.00000000E+00 10 0.00000000E+00
 249 1 5 0.00000000E+00 14 0.596233308 15 0.285193563 11 8.64562169E-02 17 4.82407734E-02 13 -1.61238834E-02
 250 1 5 0.00000000E+00 15 0.615096569 14 0.288275778 11 7.57341385E-02 12 2.16104575E-02 16 -7.16962852E-04
 251 1 6 0.00000000E+00 15 1.00000000 14 0.00000000E+00 16 0.00000000E+00 12 0.00000000E+00 11 0.00000000E+00 18 0.00000000E+00
 252 1 5 0.00000000E+00 15 0.590803742 16 0.258549005 12 8.42195228E-02 18 7.95170590E-02 14 -1.30892992E-02
 253 1 4 0.00000000E+00 16 0.584131420 15 0.258012205 18 8.10161009E-02 12 7.68402591E-02
 254 1 4 0.00000000E+00 16 1.00000000 15 0.00000000E+00 18 0.00000000E+00 12 0.00000000E+00
 262 1 4 0.00000000E+00 13 0.492817760 14 0.220619589 17 0.282027096 10 4.53555956E-03
 263 1 3 0.00000000E+00 14 0.455245912 17 0.308833122 13 0.235920966
 264 1 4 0.00000000E+00 14 0.600806117 17 0.258695602 13 5.03523685E-02 15 9.01458934E-02
 265 1 4 0.00000000E+00 14 0.484905809 15 0.303747475 17 0.207332462 11 4.01425827E-03
 268 1 4 0.00000000E+00 15 0.492817760 16 0.220619589 18 0.282027096 12 4.53555956E-03
 269 1 3 0.00000000E+00 16 0.455245912 18 0.308833122 15 0.235920966
 270 1 3 0.00000000E+00 16 0.654026210 18 0.282808751 15 6.31650165E-02
 271 1 2 0.00000000E+00 16 0.691356719 18 0.308643311
 277 1 3 0.00000000E+00 13 0.491851717 17 0.435625851 14 7.25224167E-02
 279 1 3 0.00000000E+00 17 0.628077447 14 0.232222423 13 0.139700145
 280 1 4 0.00000000E+00 17 0.532410800 14 0.312624961 13 3.65334079E-02 15 0.118430831
 281 1 3 0.00000000E+00 14 0.307735950 17 0.405334562 15 0.286929488
 282 1 4 0.00000000E+00 15 0.335578591 14 0.189954206 17 0.236046448 18 0.238420740
 284 1 4 0.00000000E+00 18 0.511195362 15 0.311500996 16 0.117690541 20 5.96131235E-02
 285 1 3 0.00000000E+00 18 0.628077447 16 0.232222423 15 0.139700145
 295 1 3 0.00000000E+00 17 1.00000000 14 0.00000000E+00 13 0.00000000E+00
 296 1 2 0.00000000E+00 17 0.780405045 14 0.219594955
 297 1 4 0.00000000E+00 17 0.489841163 14 0.154420078 15 0.152686596 18 0.203052163
 299 1 4 0.00000000E+00 18 0.397611022 15 0.228864416 20 0.193034768 17 0.180489793
 300 1 4 0.00000000E+00 18 0.652377188 20 0.158768415 15 0.167001873 16 2.18525212E-02
 301 1 4 0.00000000E+00 18 1.00000000 16 0.00000000E+00 20 0.00000000E+00 15 0.00000000E+00
 302 1 3 0.00000000E+00 18 0.702745855 16 0.190402299 20 0.106851868
 308 1 2 0.00000000E+00 19 0.582820773 17 0.417179257
 309 1 3 0.00000000E+00 17 0.451900512 19 0.386854082 13 0.161245391
 310 1 2 0.00000000E+00 17 0.707557559 19 0.292442441
 311 1 1 0.00000000E+00 17 0.7075575731698932
 312 1 2 0.00000000E+00 17 0.805912077 14 0.194087908
 313 1 2 0.00000000E+00 17 0.608027160 20 0.391972870
 314 1 3 0.00000000E+00 20 0.344441742 17 0.376732677 18 0.278825581
 316 1 2 0.00000000E+00 18 0.587532461 20 0.412467569
 317 1 2 0.00000000E+00 18 0.689444363 20 0.310555637
 318 1 3 0.00000000E+00 18 0.605145693 20 0.276235968 16 0.118618362
 323 1 1 0.00000000E+00 19 0.6051456807455413
 327 1 1 0.00000000E+00 17 0.6051456807455413
 331 1 2 0.00000000E+00 20 0.691356719 18 0.308643311
 332 1 2 0.00000000E+00 20 0.689444363 18 0.310555637
 333 1 2 0.00000000E+00 20 0.587532461 18 0.412467569
 339 1 1 0.00000000E+00 19 0.5875324393549528
 343 1 2 0.00000000E+00 17 0.573221982 19 0.426777989
 348 1 2 0.00000000E+00 20 1.00000000 18 0.00000000E+00
