   12
PP0
PP1
PP2
PP3
PP4
PP5
PP6
PP7
PP8
PP9
PP10
PP11
   0.000000      4.4671729E-02  8.9099132E-02  0.1070243      0.1320190     -1.1000000E+35 -1.1000000E+35
 -1.1000000E+35 -1.1000000E+35 -1.1000000E+35 -1.1000000E+35 -1.1000000E+35
  4.4671729E-02   0.000000      6.4234376E-02  8.9099132E-02  0.1243929     -1.1000000E+35 -1.1000000E+35
 -1.1000000E+35 -1.1000000E+35 -1.1000000E+35 -1.1000000E+35 -1.1000000E+35
  8.9099132E-02  6.4234376E-02   0.000000      4.4671729E-02  0.1070243     -1.1000000E+35 -1.1000000E+35
 -1.1000000E+35 -1.1000000E+35 -1.1000000E+35 -1.1000000E+35 -1.1000000E+35
  0.1070243      8.9099132E-02  4.4671729E-02   0.000000      8.9099132E-02 -1.1000000E+35 -1.1000000E+35
 -1.1000000E+35 -1.1000000E+35 -1.1000000E+35 -1.1000000E+35 -1.1000000E+35
  0.1320190      0.1243929      0.1070243      8.9099132E-02   0.000000     -1.1000000E+35 -1.1000000E+35
 -1.1000000E+35 -1.1000000E+35 -1.1000000E+35 -1.1000000E+35 -1.1000000E+35
 -1.1000000E+35 -1.1000000E+35 -1.1000000E+35 -1.1000000E+35 -1.1000000E+35   0.000000      6.4234376E-02
  8.9099132E-02 -1.1000000E+35  0.1350345      0.1376873      0.1372131    
 -1.1000000E+35 -1.1000000E+35 -1.1000000E+35 -1.1000000E+35 -1.1000000E+35  6.4234376E-02   0.000000    
  4.4671729E-02 -1.1000000E+35  0.1252739      0.1287135      0.1276530    
 -1.1000000E+35 -1.1000000E+35 -1.1000000E+35 -1.1000000E+35 -1.1000000E+35  8.9099132E-02  4.4671729E-02
   0.000000      0.1256968      0.1150857      0.1197392      0.1191389    
 -1.1000000E+35 -1.1000000E+35 -1.1000000E+35 -1.1000000E+35 -1.1000000E+35 -1.1000000E+35 -1.1000000E+35
  0.1256968       0.000000      6.4234376E-02  9.8065928E-02  0.1197392    
 -1.1000000E+35 -1.1000000E+35 -1.1000000E+35 -1.1000000E+35 -1.1000000E+35  0.1350345      0.1252739    
  0.1150857      6.4234376E-02   0.000000      6.4234376E-02  9.8065928E-02
 -1.1000000E+35 -1.1000000E+35 -1.1000000E+35 -1.1000000E+35 -1.1000000E+35  0.1376873      0.1287135    
  0.1197392      9.8065928E-02  6.4234376E-02   0.000000      6.4234376E-02
 -1.1000000E+35 -1.1000000E+35 -1.1000000E+35 -1.1000000E+35 -1.1000000E+35  0.1372131      0.1276530    
  0.1191389      0.1197392      9.8065928E-02  6.4234376E-02   0.000000    
