points4.pts
zone4.inf
 4 7
 7
HK_UTAF0
HK_UTAF1
HK_UTAF2
HK_UTAF3
HK_UTAF4
HK_UTAF5
HK_UTAF6
 1 1 3 0.00000000E+00 1 1.00000000 2 0.00000000E+00 3 0.00000000E+00
 5 1 5 0.00000000E+00 2 1.00000000 1 0.00000000E+00 3 0.00000000E+00 4 0.00000000E+00 6 0.00000000E+00
 9 1 6 0.00000000E+00 3 1.00000000 2 0.00000000E+00 4 0.00000000E+00 6 0.00000000E+00 1 0.00000000E+00 5 0.00000000E+00
 10 1 6 0.00000000E+00 4 1.00000000 3 0.00000000E+00 5 0.00000000E+00 2 0.00000000E+00 6 0.00000000E+00 7 0.00000000E+00
 11 1 3 0.00000000E+00 5 1.00000000 4 0.00000000E+00 3 0.00000000E+00
 13 1 5 0.00000000E+00 6 1.00000000 3 0.00000000E+00 4 0.00000000E+00 7 0.00000000E+00 2 0.00000000E+00
 18 1 3 0.00000000E+00 7 1.00000000 6 0.00000000E+00 4 0.00000000E+00
