points2.pts
zone2.inf
 4 7
 10
HK_UTQA0
HK_UTQA1
HK_UTQA2
HK_UTQA3
HK_UTQA4
HK_UTQA5
HK_UTQA6
HK_UTQA7
HK_UTQA8
HK_UTQA9
 1 1 4 0.00000000E+00 1 1.00000000 2 0.00000000E+00 3 0.00000000E+00 4 0.00000000E+00
 5 1 6 0.00000000E+00 2 1.00000000 1 0.00000000E+00 3 0.00000000E+00 4 0.00000000E+00 5 0.00000000E+00 7 0.00000000E+00
 6 1 7 0.00000000E+00 3 1.00000000 2 0.00000000E+00 5 0.00000000E+00 1 0.00000000E+00 4 0.00000000E+00 6 0.00000000E+00 8 0.00000000E+00
 9 1 8 0.00000000E+00 4 1.00000000 2 0.00000000E+00 5 0.00000000E+00 7 0.00000000E+00 3 0.00000000E+00 8 0.00000000E+00 1 0.00000000E+00 6 0.00000000E+00
 10 1 9 0.00000000E+00 5 1.00000000 3 0.00000000E+00 4 0.00000000E+00 6 0.00000000E+00 8 0.00000000E+00 2 0.00000000E+00 7 0.00000000E+00 9 0.00000000E+00 10 0.00000000E+00
 11 1 6 0.00000000E+00 6 1.00000000 5 0.00000000E+00 9 0.00000000E+00 3 0.00000000E+00 8 0.00000000E+00 4 0.00000000E+00
 13 1 7 0.00000000E+00 7 1.00000000 4 0.00000000E+00 8 0.00000000E+00 5 0.00000000E+00 10 0.00000000E+00 2 0.00000000E+00 9 0.00000000E+00
 14 1 8 0.00000000E+00 8 1.00000000 5 0.00000000E+00 7 0.00000000E+00 9 0.00000000E+00 10 0.00000000E+00 4 0.00000000E+00 6 0.00000000E+00 3 0.00000000E+00
 15 1 6 0.00000000E+00 9 1.00000000 6 0.00000000E+00 8 0.00000000E+00 5 0.00000000E+00 10 0.00000000E+00 7 0.00000000E+00
 18 1 5 0.00000000E+00 10 1.00000000 8 0.00000000E+00 7 0.00000000E+00 9 0.00000000E+00 5 0.00000000E+00
