points2.pts
zone2.inf
 16 28
 20
SY_UTQA0
SY_UTQA1
SY_UTQA2
SY_UTQA3
SY_UTQA4
SY_UTQA5
SY_UTQA6
SY_UTQA7
SY_UTQA8
SY_UTQA9
SY_UTQA10
SY_UTQA11
SY_UTQA12
SY_UTQA13
SY_UTQA14
SY_UTQA15
SY_UTQA16
SY_UTQA17
SY_UTQA18
SY_UTQA19
 2 1 3 0.00000000E+00 1 0.632759511 2 0.189399526 3 0.177840978
 3 1 4 0.00000000E+00 1 0.600184798 2 0.131361678 3 6.51564449E-02 4 0.203297064
 18 1 4 0.00000000E+00 1 0.669702053 2 0.146194607 3 3.36717553E-02 4 0.150431603
 19 1 4 0.00000000E+00 1 0.698452353 2 9.66380090E-02 3 4.97682467E-02 4 0.155141383
 34 1 5 0.00000000E+00 1 0.749571443 2 0.119630396 3 -1.05847521E-02 4 8.06780681E-02 5 6.07048236E-02
 35 1 5 0.00000000E+00 1 0.825335979 2 3.77690643E-02 3 1.42596867E-02 4 7.94982091E-02 5 4.31370325E-02
 36 1 6 0.00000000E+00 1 0.728321373 3 7.54006803E-02 2 2.07338333E-02 4 0.114978164 5 2.81029921E-02 6 3.24629322E-02
 50 1 6 0.00000000E+00 1 0.753313839 2 0.184167311 3 -9.87599138E-03 5 1.95465758E-02 4 2.63422709E-02 6 2.65060216E-02
 51 1 6 0.00000000E+00 1 1.00000000 2 0.00000000E+00 3 0.00000000E+00 4 0.00000000E+00 5 0.00000000E+00 6 0.00000000E+00
 52 1 6 0.00000000E+00 1 0.730968237 3 0.144469783 2 3.02217416E-02 4 8.28774795E-02 5 4.47637914E-03 6 6.98637543E-03
 66 1 6 0.00000000E+00 1 0.557482541 2 0.374793977 3 3.30075175E-02 5 5.94605552E-03 4 1.40982065E-02 6 1.46717094E-02
 67 1 7 0.00000000E+00 1 0.626469731 2 0.233388558 3 0.137684956 5 -7.04214163E-03 4 1.07690440E-02 6 -4.10168758E-03 9 2.83153309E-03
 68 1 7 0.00000000E+00 1 0.535608530 3 0.294023186 2 0.122014768 4 5.94895482E-02 5 -7.78732495E-03 6 -1.09750181E-02 7 7.62634492E-03
 69 1 7 0.00000000E+00 3 0.392476767 1 0.396491855 2 5.17037585E-02 4 0.159328699 5 -7.85683282E-03 6 -1.10959746E-02 7 1.89517159E-02
 70 1 8 0.00000000E+00 3 0.361872435 4 0.306469142 1 0.287498564 2 1.83282886E-02 6 -1.75810624E-02 5 -1.05690202E-02 7 2.50909775E-02 10 2.88906693E-02
 82 1 7 0.00000000E+00 2 0.649474025 1 0.278054327 3 5.48297986E-02 5 -7.72803975E-03 4 6.44734269E-03 6 4.15565027E-03 9 1.47668868E-02
 83 1 8 0.00000000E+00 2 0.454898715 1 0.309494704 3 0.236573249 5 6.91628223E-03 4 1.71652145E-03 6 -7.67820235E-03 9 -2.71452172E-03 10 7.93274958E-04
 84 1 9 0.00000000E+00 3 0.483654201 1 0.278200030 2 0.220070854 5 5.01711993E-03 4 2.67151110E-02 6 -1.43039525E-02 9 -1.13048404E-03 7 8.23894225E-04 10 9.53191950E-04
 85 1 9 0.00000000E+00 3 0.642771244 1 0.200649798 2 5.79699911E-02 4 0.115072221 5 -1.71062276E-02 6 -1.28986062E-02 7 3.42628499E-03 10 4.59753256E-03 9 5.51774027E-03
 86 1 10 0.00000000E+00 3 0.519684255 4 0.317280471 1 0.148460686 2 2.44136900E-03 6 2.72261654E-03 5 -1.55601352E-02 7 1.23816426E-03 10 3.51264235E-03 9 1.08833499E-02 11 9.33659542E-03
 97 1 8 0.00000000E+00 2 0.763484001 1 0.107654884 3 -2.34372020E-02 5 3.91032025E-02 9 6.18927814E-02 6 6.76533254E-03 4 2.44237632E-02 10 2.01132409E-02
 98 1 8 0.00000000E+00 2 1.00000000 3 0.00000000E+00 1 0.00000000E+00 5 0.00000000E+00 6 0.00000000E+00 4 0.00000000E+00 9 0.00000000E+00 10 0.00000000E+00
 99 1 9 0.00000000E+00 2 0.585440099 3 0.265254527 1 8.47859383E-02 5 8.49124119E-02 4 -9.44528915E-03 6 -3.20749287E-03 9 -1.39523868E-03 10 -4.65764571E-03 7 -1.68728386E-03
 100 1 10 0.00000000E+00 3 0.590969682 2 0.259647816 5 8.91238526E-02 1 8.08670819E-02 4 -1.02499528E-02 6 4.54623107E-04 9 -3.84042202E-03 10 -4.24756203E-03 7 -2.16035079E-03 11 -5.64787711E-04
 101 1 10 0.00000000E+00 3 1.00000000 2 0.00000000E+00 4 0.00000000E+00 5 0.00000000E+00 1 0.00000000E+00 6 0.00000000E+00 7 0.00000000E+00 10 0.00000000E+00 9 0.00000000E+00 11 0.00000000E+00
 102 1 11 0.00000000E+00 3 0.606578529 4 0.284761339 6 7.77006745E-02 5 2.20964495E-02 2 -1.43065937E-02 1 3.12284101E-02 7 -4.51020850E-03 10 -2.74469331E-03 9 -5.89602219E-04 11 -1.70366489E-03 8 1.48936792E-03
 103 1 12 0.00000000E+00 4 0.609422386 3 0.282382935 6 8.44890401E-02 5 1.21694822E-02 7 -1.61828822E-03 1 2.70242468E-02 2 -1.06994836E-02 10 -3.39399534E-03 11 -2.53330567E-03 8 -2.05098229E-04 9 4.25106264E-04 12 2.53700442E-03
 104 1 12 0.00000000E+00 4 1.00000000 3 0.00000000E+00 6 0.00000000E+00 7 0.00000000E+00 5 0.00000000E+00 1 0.00000000E+00 8 0.00000000E+00 2 0.00000000E+00 11 0.00000000E+00 10 0.00000000E+00 12 0.00000000E+00 9 0.00000000E+00
 113 1 8 0.00000000E+00 2 0.667280138 5 0.134246364 3 -7.82368612E-03 1 5.02843820E-02 9 0.109241217 6 2.64689862E-03 4 2.72374023E-02 10 1.68873016E-02
 114 1 8 0.00000000E+00 2 0.690279067 5 0.188416570 3 5.70746027E-02 1 1.46409404E-03 9 6.08613230E-02 6 -3.43910838E-03 4 5.51967556E-03 10 -1.76203350E-04
 115 1 10 0.00000000E+00 2 0.490456820 3 0.223590046 5 0.274438620 1 3.74131580E-03 6 1.82507932E-03 9 2.25635562E-02 4 -8.70925654E-03 10 -1.04901437E-02 7 9.96573479E-04 11 1.58738391E-03
 116 1 10 0.00000000E+00 3 0.446565181 5 0.298898935 2 0.235358924 6 4.05739695E-02 1 1.61915959E-03 4 -4.55369381E-03 9 -2.79110391E-03 10 -9.35348682E-03 7 -3.69268120E-03 11 -2.62519275E-03
 117 1 11 0.00000000E+00 3 0.588012576 5 0.220102146 6 0.126485631 2 5.71367554E-02 4 5.29021062E-02 1 -1.63191818E-02 10 -4.21847543E-03 7 -6.21054601E-03 9 -1.00945914E-02 11 -6.36324938E-03 13 -1.43318286E-03
 118 1 12 0.00000000E+00 3 0.456784487 4 0.221207723 6 0.241630703 5 0.122765623 2 -3.65658198E-03 7 2.08811951E-03 1 -1.16107706E-02 10 -6.24436885E-03 9 -8.74929782E-03 11 -9.22266115E-03 8 -4.18244582E-03 12 -8.10520141E-04
 119 1 12 0.00000000E+00 4 0.446072280 6 0.286992401 3 0.228586897 5 4.69110645E-02 7 4.03708331E-02 2 -9.62404534E-03 10 -1.10470103E-02 11 -8.49542022E-03 1 -6.45483751E-03 8 -4.85996390E-03 9 -5.88626973E-03 12 -2.56592617E-03
 120 1 13 0.00000000E+00 4 0.603577137 6 0.218862191 7 0.139105126 3 5.48810549E-02 5 6.99794386E-03 11 -5.08643407E-03 8 8.15018546E-03 10 -9.70760267E-03 2 -3.34341940E-03 1 -5.86584443E-03 12 -6.27873233E-03 9 -1.97104109E-03 14 6.79428689E-04
 121 1 12 0.00000000E+00 4 0.534722388 7 0.293765366 6 0.123276129 3 -4.27675713E-03 8 6.07308373E-02 11 -7.42492964E-03 5 -4.76857368E-03 10 -4.56577493E-03 12 -8.70328397E-03 2 3.64684523E-03 1 7.02899788E-03 9 6.56873407E-03
 122 1 9 0.00000000E+00 7 0.392444521 4 0.393993139 6 4.44094837E-02 8 0.164270923 3 4.39543044E-03 11 -1.17389662E-02 12 -3.93831497E-03 5 7.33947661E-03 10 8.82429164E-03
 130 1 9 0.00000000E+00 2 0.454280943 5 0.351337343 3 4.50536497E-02 9 0.128898069 1 7.61484820E-03 6 -9.74172447E-03 10 -9.54982080E-03 4 1.05755469E-02 13 2.15311348E-02
 131 1 11 0.00000000E+00 5 0.515983224 2 0.313608497 3 0.122397132 9 6.39839321E-02 6 -5.87633299E-03 1 -5.25415316E-03 10 -1.61619186E-02 4 -3.03054927E-03 7 4.65607457E-03 11 3.72886425E-03 13 5.96526079E-03
 132 1 11 0.00000000E+00 5 0.606745481 3 0.216188774 2 0.141192332 6 5.73458076E-02 9 -1.24682105E-04 4 3.75507027E-03 10 -9.55193676E-03 1 -9.73405037E-03 7 -3.49916518E-03 11 -2.47175270E-03 13 1.54136389E-04
 133 1 12 0.00000000E+00 5 0.448613822 3 0.284010351 6 0.227554992 2 3.81118953E-02 4 4.15109806E-02 10 1.09762121E-02 9 -1.28470184E-02 7 -1.05484873E-02 1 -1.51413064E-02 11 -8.07604752E-03 13 -2.56246491E-03 14 -1.60292536E-03
 134 1 14 0.00000000E+00 6 0.455646902 3 0.239586636 5 0.222469300 4 0.117815033 10 9.16944165E-03 7 -2.59199878E-03 2 5.03786141E-04 9 -8.38890392E-03 11 -1.20779276E-02 1 -1.35049345E-02 8 -3.56387696E-03 13 -2.14530108E-03 12 -1.45373575E-03 14 -1.46443234E-03
 135 1 14 0.00000000E+00 6 0.591548681 4 0.215119630 3 0.124267735 5 5.89675903E-02 7 5.92825674E-02 10 -1.22253206E-02 11 -8.67317151E-03 2 -5.19938581E-03 9 -6.02970878E-03 8 -3.89677146E-03 1 -8.68340954E-03 12 -3.39488173E-03 14 -8.23645445E-04 13 -2.59930443E-04
 136 1 15 0.00000000E+00 6 0.449362725 4 0.295700729 7 0.237364337 3 3.79336029E-02 5 1.60912605E-04 11 9.95549560E-03 10 -1.03388261E-02 8 8.76973267E-04 12 -8.29607900E-03 2 -2.74357409E-03 9 -3.78252636E-03 14 -1.23378553E-03 1 -5.30798361E-03 13 6.44688145E-04 15 -2.96683662E-04
 137 1 14 0.00000000E+00 7 0.483457863 4 0.279041857 6 0.224757120 11 6.63639233E-03 8 2.74480898E-02 3 1.04370597E-03 10 -4.83021373E-03 12 -1.39253950E-02 5 -7.95744453E-03 14 9.57318174E-04 9 7.49121944E-04 2 7.56845693E-04 15 1.38896238E-03 1 4.75770270E-04
 138 1 11 0.00000000E+00 7 0.642679632 4 0.201435655 6 5.89965619E-02 8 0.116316207 11 -1.67033523E-02 12 -1.16054369E-02 3 -1.00811140E-03 10 -1.74688594E-03 5 9.93001086E-05 15 5.24929352E-03 14 6.28714310E-03
 139 1 12 0.00000000E+00 7 0.519889832 8 0.317046613 4 0.145852000 6 -1.53850892E-03 12 3.02154873E-03 11 -1.61073729E-02 3 3.47228278E-03 10 6.96806412E-04 15 3.29581578E-03 5 5.70614263E-03 14 9.66442376E-03 16 9.00039542E-03
 146 1 11 0.00000000E+00 5 0.424071193 2 0.283821762 9 0.242023498 3 1.29524060E-02 6 -2.40375996E-02 10 -1.40743423E-02 1 1.46465581E-02 4 8.40024929E-03 13 2.00142208E-02 11 1.41565716E-02 7 1.80254914E-02
 147 1 12 0.00000000E+00 5 0.657565534 9 0.157819748 2 0.164605930 3 2.37266161E-02 6 -1.91922560E-02 10 -5.13235107E-03 4 6.25388157E-06 1 1.85600179E-03 13 2.18380708E-03 11 2.28419434E-03 7 7.06613343E-03 14 7.21040601E-03
 148 1 12 0.00000000E+00 5 1.00000000 6 0.00000000E+00 3 0.00000000E+00 9 0.00000000E+00 2 0.00000000E+00 10 0.00000000E+00 4 0.00000000E+00 11 0.00000000E+00 7 0.00000000E+00 1 0.00000000E+00 13 0.00000000E+00 14 0.00000000E+00
 149 1 14 0.00000000E+00 5 0.581396222 6 0.262555510 3 8.54875520E-02 10 8.02165419E-02 9 1.81196146E-02 2 -4.88058943E-03 4 1.09651396E-02 7 -1.14551354E-02 11 -2.60779983E-03 13 -5.80867147E-03 1 -6.75471919E-03 14 -4.35263105E-03 12 -1.30893639E-03 8 -1.57210743E-03
 150 1 15 0.00000000E+00 6 0.585838675 5 0.258987725 10 8.69708434E-02 3 7.87188932E-02 4 2.09658034E-02 7 -1.45749003E-02 9 9.41444747E-03 11 1.08509662E-03 2 -6.91505475E-03 13 -6.06925879E-03 14 -4.08726837E-03 1 -6.17467239E-03 12 -1.59366778E-03 8 -1.96809252E-03 15 -5.98545885E-04
 151 1 15 0.00000000E+00 6 1.00000000 5 0.00000000E+00 7 0.00000000E+00 4 0.00000000E+00 10 0.00000000E+00 3 0.00000000E+00 11 0.00000000E+00 9 0.00000000E+00 2 0.00000000E+00 12 0.00000000E+00 8 0.00000000E+00 14 0.00000000E+00 13 0.00000000E+00 1 0.00000000E+00 15 0.00000000E+00
 152 1 15 0.00000000E+00 6 0.585626960 7 0.264924943 4 8.80300105E-02 11 7.95719698E-02 10 2.44914126E-02 5 -1.34043265E-02 3 -4.17432428E-04 8 -8.97073280E-03 12 -3.06406431E-03 9 -4.02739178E-03 14 -3.97269754E-03 2 -1.28603040E-03 13 -2.11283006E-03 15 -3.76125844E-03 1 -1.62856211E-03
 153 1 15 0.00000000E+00 7 0.590637863 6 0.262234747 11 8.62790570E-02 4 8.47610161E-02 8 -9.99298785E-03 10 1.41420960E-02 12 1.69573133E-04 3 -4.27668588E-03 5 -1.04399314E-02 14 -4.60112654E-03 15 -3.71145480E-03 9 -2.72271363E-03 13 -1.40465936E-03 2 -8.28276447E-04 16 -2.46524956E-04
 154 1 14 0.00000000E+00 7 1.00000000 6 0.00000000E+00 8 0.00000000E+00 11 0.00000000E+00 4 0.00000000E+00 12 0.00000000E+00 10 0.00000000E+00 3 0.00000000E+00 5 0.00000000E+00 15 0.00000000E+00 14 0.00000000E+00 16 0.00000000E+00 9 0.00000000E+00 13 0.00000000E+00
 155 1 12 0.00000000E+00 7 0.606672645 8 0.283896297 12 7.65534490E-02 11 2.29387656E-02 6 -1.38893025E-02 4 3.10921799E-02 10 -3.06325615E-03 15 -2.78879306E-03 3 -3.92239308E-05 14 8.87704591E-05 16 -2.77307816E-03 5 1.31151162E-03
 156 1 12 0.00000000E+00 8 0.609160244 7 0.282479465 12 8.41126814E-02 11 1.26094939E-02 4 2.65184790E-02 6 -1.10926321E-02 15 -3.42979515E-03 16 -1.92847510E-03 10 -1.86650094E-03 14 7.69877282E-04 3 8.52874131E-04 5 1.81426911E-03
 157 1 10 0.00000000E+00 8 1.00000000 7 0.00000000E+00 12 0.00000000E+00 11 0.00000000E+00 4 0.00000000E+00 6 0.00000000E+00 16 0.00000000E+00 15 0.00000000E+00 10 0.00000000E+00 14 0.00000000E+00
 162 1 11 0.00000000E+00 5 0.359814405 9 0.414546698 2 0.173424616 10 -9.99728125E-03 3 -5.94037911E-03 6 -1.46340774E-02 13 1.39664076E-02 1 2.06985194E-02 4 1.58050470E-02 11 1.43509284E-02 14 1.79651193E-02
 163 1 12 0.00000000E+00 5 0.514306307 9 0.361305535 10 3.47872786E-02 2 8.72398168E-02 6 -5.15737245E-03 3 -1.04052201E-02 13 -2.58586579E-03 11 9.27337271E-04 4 1.16228906E-03 1 6.62334682E-03 7 6.61263242E-03 14 5.18391933E-03
 164 1 12 0.00000000E+00 5 0.607155561 9 0.232002318 10 0.124810241 6 5.87639548E-02 3 -1.23143671E-02 2 9.07827355E-03 13 -6.27588667E-03 11 -3.00521310E-03 4 -3.87163623E-03 7 -2.79920176E-03 14 -4.26884275E-03 1 7.24771526E-04
 165 1 14 0.00000000E+00 5 0.454291731 6 0.224944547 10 0.241768420 9 0.119004987 3 8.65524914E-03 11 4.46319254E-03 2 -1.40998280E-02 4 -6.30362891E-03 13 -9.46058985E-03 7 -8.93147103E-03 14 -9.38592106E-03 1 -2.03662436E-03 12 -1.78126770E-03 15 -1.12881477E-03
 166 1 15 0.00000000E+00 6 0.449240148 10 0.287115395 5 0.224543050 9 4.26820070E-02 11 4.11945619E-02 3 1.04683777E-02 7 -7.16651091E-04 4 -1.20313326E-02 13 -1.31785963E-02 14 -8.55356921E-03 2 -1.09156687E-02 12 -3.09617026E-03 8 -2.35685846E-03 15 -2.72565149E-03 1 -1.66904239E-03
 167 1 15 0.00000000E+00 6 0.591240108 10 0.218615964 11 0.126176402 5 5.72001263E-02 7 5.88892214E-02 4 -1.40342982E-02 3 -8.70482344E-03 9 4.95213270E-03 14 -4.10123356E-03 12 -3.69979371E-03 13 -1.05902506E-02 8 -5.38607081E-03 2 -4.47248202E-03 15 -5.69736771E-03 17 -3.87618958E-04
 168 1 15 0.00000000E+00 6 0.455244333 7 0.223435372 11 0.241626292 10 0.124280907 4 6.16001338E-03 5 -1.30495313E-03 12 4.12603747E-03 3 -1.25609087E-02 14 -6.22852333E-03 8 -1.05004571E-02 9 -5.21821342E-03 13 -7.08072633E-03 15 -9.25437640E-03 2 -1.55752723E-03 16 -1.16726675E-03
 169 1 14 0.00000000E+00 7 0.446278691 11 0.287081420 6 0.227200523 10 4.81798872E-02 12 4.03938144E-02 4 5.70377568E-03 8 -5.42491348E-03 5 -8.19315109E-03 14 -1.11418879E-02 15 -8.56153294E-03 3 -8.37004650E-03 9 -4.43492364E-03 13 -4.83012106E-03 16 -3.88154713E-03
 170 1 14 0.00000000E+00 7 0.587912142 11 0.218904689 12 0.124964043 6 5.83751835E-02 8 5.16616516E-02 4 -1.41425151E-02 10 7.26486044E-03 15 -4.43379255E-03 14 -9.96041950E-03 5 -3.91823379E-03 3 -3.66651756E-03 16 -8.10602028E-03 13 -3.10021080E-03 9 -1.75488007E-03
 171 1 13 0.00000000E+00 7 0.456679255 8 0.221015647 12 0.241705850 11 0.124209262 6 -1.04569248E-03 4 -1.08407959E-02 15 -6.26993366E-03 10 -4.75121895E-03 14 -6.85990276E-03 16 -9.82469693E-03 5 -1.27831893E-03 3 -1.49500009E-03 13 -1.24444126E-03
 172 1 10 0.00000000E+00 8 0.455898285 12 0.297413707 7 0.227953881 11 4.72541973E-02 6 -7.75760133E-03 15 -1.09022129E-02 16 3.04365903E-03 4 -5.21766115E-03 10 -3.52050737E-03 14 -4.16573929E-03
 173 1 11 0.00000000E+00 8 0.643309295 12 0.257618397 7 5.26562370E-02 11 3.86918755E-03 16 4.17865142E-02 15 -9.87591594E-03 6 -8.96951940E-04 4 3.68313515E-04 14 1.22321106E-03 10 4.13270667E-03 18 5.80899511E-03
 178 1 10 0.00000000E+00 9 0.624901891 5 0.209438935 10 -1.43376179E-02 2 0.113097146 13 2.27969196E-02 6 -8.56811460E-03 3 -1.31961540E-03 11 1.51976673E-02 14 1.79705750E-02 4 2.08221860E-02
 179 1 12 0.00000000E+00 9 0.644656241 5 0.257548600 10 5.38067892E-02 6 3.77042918E-03 13 -4.86153411E-03 2 4.19154055E-02 3 -9.85078327E-03 11 -8.59782856E-04 14 2.23560352E-03 4 1.36396685E-03 7 4.24632477E-03 1 6.02874905E-03
 180 1 12 0.00000000E+00 9 0.454241335 5 0.297522038 10 0.226457730 6 4.73794118E-02 13 6.50923373E-03 3 -1.09716710E-02 11 -7.78489932E-03 2 2.85653258E-03 14 -7.11010396E-03 7 -3.60930408E-03 4 -4.30976134E-03 17 -1.18054694E-03
 181 1 14 0.00000000E+00 10 0.455403686 5 0.241809070 9 0.219654515 6 0.124324188 13 5.77311357E-03 11 -1.05512631E-03 3 -6.30942313E-03 14 -1.19711431E-02 7 -5.18234074E-03 2 -9.95802600E-03 4 -7.40680890E-03 12 -1.42639061E-03 15 -1.32062996E-03 17 -2.33467505E-03
 182 1 15 0.00000000E+00 10 0.591349840 6 0.218641594 5 0.124745451 9 5.56152575E-02 11 5.83125502E-02 13 -1.42656900E-02 7 6.57014316E-03 14 -8.46239086E-03 3 -4.21655504E-03 4 -1.06538860E-02 12 -3.75831104E-03 2 -7.58894905E-03 15 -3.19404388E-03 17 -1.08452176E-03 8 -2.01047328E-03
 183 1 15 0.00000000E+00 10 0.449103773 6 0.286874533 11 0.227160737 5 4.02263701E-02 7 4.70784307E-02 9 -2.16805004E-03 14 1.07353413E-02 13 -1.15452753E-02 4 -1.25065064E-02 12 -8.02926999E-03 3 -8.37783050E-03 15 -7.87533540E-03 8 -5.21117263E-03 17 -1.98513223E-03 2 -3.48059554E-03
 184 1 16 0.00000000E+00 11 0.455298960 6 0.241545767 10 0.224828944 7 0.122631148 14 8.82714242E-03 12 -1.21417874E-03 5 4.05590329E-03 4 -8.60908441E-03 13 -5.60805807E-03 15 -1.23874033E-02 9 -8.99073295E-03 8 -6.86910562E-03 3 -9.19580646E-03 17 -1.75884971E-03 16 -1.42907153E-03 2 -1.12557597E-03
 185 1 15 0.00000000E+00 11 0.591408849 7 0.216094345 6 0.126154363 10 6.00365698E-02 12 5.73568419E-02 14 -1.23764612E-02 8 2.18095118E-03 15 -8.77811387E-03 4 -8.04069359E-03 5 -3.82025517E-03 13 -4.87264525E-03 9 -4.40749247E-03 3 -5.88035397E-03 16 -4.67730034E-03 17 -3.78617988E-04
 186 1 16 0.00000000E+00 11 0.449440002 7 0.284001499 12 0.224737316 6 4.11826298E-02 8 3.92686017E-02 10 3.31199408E-04 15 1.04659898E-02 14 -1.03541249E-02 4 -1.32575417E-02 16 -1.11094639E-02 5 -3.21291550E-03 13 -4.35328204E-03 3 -2.89266696E-03 9 -1.51402620E-03 17 -9.35132382E-04 18 -1.79809297E-03
 187 1 14 0.00000000E+00 12 0.454436868 7 0.239526734 11 0.225095108 8 0.116535418 15 8.60155839E-03 6 4.45731403E-03 14 -5.41194435E-03 16 -1.42438514E-02 10 -8.07834230E-03 4 -1.27828121E-02 13 -2.93391291E-03 5 -1.70273439E-03 18 -2.23076483E-03 3 -1.26865052E-03
 188 1 11 0.00000000E+00 12 0.607245684 8 0.230263531 7 0.123324960 11 5.88914454E-02 15 -1.23468125E-02 16 8.91188253E-03 6 -3.05319554E-03 14 -4.05334169E-03 10 -2.94587412E-03 4 -6.67937845E-03 18 4.41084674E-04
 189 1 11 0.00000000E+00 12 0.514343441 8 0.360589117 7 3.41752991E-02 11 -5.10484260E-03 16 8.71712565E-02 15 -1.04185883E-02 6 9.07566922E-04 14 1.08742074E-03 18 6.50645886E-03 4 4.19070199E-03 10 6.55219890E-03
 195 1 12 0.00000000E+00 9 1.00000000 10 0.00000000E+00 5 0.00000000E+00 13 0.00000000E+00 6 0.00000000E+00 14 0.00000000E+00 11 0.00000000E+00 2 0.00000000E+00 3 0.00000000E+00 17 0.00000000E+00 7 0.00000000E+00 4 0.00000000E+00
 196 1 14 0.00000000E+00 9 0.586184382 10 0.262427241 5 8.54808688E-02 13 8.49842876E-02 6 1.42864278E-02 11 -1.06643802E-02 14 -3.00486432E-03 3 -4.64898860E-03 2 -5.15684020E-03 7 -3.05387774E-03 17 -4.43449756E-03 4 -1.68580026E-03 15 -8.37052008E-04 12 1.23066362E-04
 197 1 14 0.00000000E+00 10 0.585844278 9 0.260100275 13 8.84459093E-02 5 7.79818967E-02 6 2.46777423E-02 11 -1.34740109E-02 14 7.76414294E-04 7 -4.26670071E-03 3 -4.02967818E-03 17 -5.52229490E-03 2 -6.06185244E-03 4 -2.41495972E-03 15 -1.64619542E-03 12 -4.10824490E-04
 198 1 15 0.00000000E+00 10 1.00000000 9 0.00000000E+00 11 0.00000000E+00 6 0.00000000E+00 13 0.00000000E+00 5 0.00000000E+00 14 0.00000000E+00 7 0.00000000E+00 15 0.00000000E+00 12 0.00000000E+00 3 0.00000000E+00 17 0.00000000E+00 4 0.00000000E+00 2 0.00000000E+00 8 0.00000000E+00
 199 1 16 0.00000000E+00 10 0.585577488 11 0.262181967 6 8.66823047E-02 14 7.93499723E-02 13 2.24565491E-02 9 -1.53957391E-02 5 5.67042269E-04 7 1.38292443E-02 12 -1.04139540E-02 15 -3.70617420E-03 17 -6.49298681E-03 4 -5.40831359E-03 3 -3.86843458E-03 8 -3.47371097E-03 16 -1.18802034E-03 2 -6.97235926E-04
 200 1 16 0.00000000E+00 11 0.585539877 10 0.262173504 14 8.62203911E-02 6 7.97956511E-02 7 2.40307823E-02 12 -1.33822318E-02 13 1.27736917E-02 15 1.54568974E-04 5 -2.86231982E-03 9 -1.17630856E-02 8 -4.66902042E-03 4 -4.79705120E-03 17 -6.71737641E-03 3 -3.84584605E-03 16 -1.43327552E-03 18 -1.21827528E-03
 201 1 16 0.00000000E+00 11 1.00000000 10 0.00000000E+00 12 0.00000000E+00 7 0.00000000E+00 14 0.00000000E+00 6 0.00000000E+00 15 0.00000000E+00 8 0.00000000E+00 13 0.00000000E+00 5 0.00000000E+00 16 0.00000000E+00 9 0.00000000E+00 4 0.00000000E+00 17 0.00000000E+00 3 0.00000000E+00 18 0.00000000E+00
 202 1 16 0.00000000E+00 11 0.585829854 12 0.259066463 7 8.55770111E-02 15 7.89868981E-02 14 2.40630750E-02 10 -1.34051386E-02 6 1.00839173E-03 8 8.09277222E-03 16 -6.87002484E-03 13 -4.29184409E-03 4 -6.05415553E-03 5 -1.60714285E-03 17 -3.89515376E-03 18 -5.50099881E-03 9 -5.51488076E-04 3 -4.48519131E-04
 203 1 15 0.00000000E+00 12 0.581472874 11 0.262547314 15 8.57529342E-02 7 7.88798258E-02 8 1.68372914E-02 14 1.36790769E-02 16 -4.84841364E-03 6 -2.64888164E-03 10 -1.05182501E-02 18 -6.13446999E-03 4 -6.20390242E-03 13 -3.33370338E-03 17 -3.79388942E-03 5 -1.27145404E-03 9 -4.16372728E-04
 204 1 13 0.00000000E+00 12 1.00000000 11 0.00000000E+00 8 0.00000000E+00 15 0.00000000E+00 7 0.00000000E+00 16 0.00000000E+00 14 0.00000000E+00 6 0.00000000E+00 10 0.00000000E+00 18 0.00000000E+00 4 0.00000000E+00 13 0.00000000E+00 17 0.00000000E+00
 205 1 11 0.00000000E+00 12 0.657534182 8 0.158424795 16 0.164663821 15 2.37379055E-02 11 -1.92366187E-02 7 -4.61552292E-03 14 6.94815099E-05 18 1.95471570E-03 6 2.30089086E-03 10 7.11717037E-03 4 8.04919470E-03
 211 1 11 0.00000000E+00 9 0.689201832 13 0.202033326 10 5.63889258E-02 5 -1.05677275E-02 14 -4.88527259E-03 6 -1.97094050E-03 11 1.95138389E-03 17 8.28039180E-03 2 1.54647576E-02 3 6.87346421E-03 19 3.72298770E-02
 212 1 12 0.00000000E+00 9 0.492583722 10 0.224121913 13 0.282013744 5 5.22922538E-03 14 1.77962682E-03 6 -4.67855763E-03 11 -7.81919528E-03 17 -5.62739791E-04 3 1.72864425E-03 7 1.98957208E-03 2 1.16076320E-03 15 2.45328294E-03
 213 1 14 0.00000000E+00 10 0.449304909 13 0.298174977 9 0.235778511 14 3.99436802E-02 5 7.79620977E-03 11 1.36261879E-04 6 -1.01882182E-02 17 -1.04206027E-02 15 -3.31671443E-03 7 -3.65214329E-03 3 -1.14025292E-03 12 -4.41430020E-04 2 -2.72927037E-03 4 7.54081528E-04
 214 1 13 0.00000000E+00 10 0.591551542 13 0.216791749 14 0.125297233 9 5.65854497E-02 11 6.01475127E-02 6 -1.21505121E-02 5 -1.03449700E-02 17 -1.03211477E-02 15 -5.94846485E-03 7 -5.06274635E-03 12 -4.67635738E-03 3 -1.48500223E-03 4 -3.84309707E-04
 215 1 16 0.00000000E+00 10 0.455449492 11 0.224921331 14 0.240484402 13 0.120277412 6 8.98437481E-03 9 -4.07921290E-03 15 2.43931683E-03 5 -1.27452789E-02 7 -4.96019004E-03 17 -1.21911131E-02 12 -7.91377388E-03 4 -1.57166738E-03 8 -2.46990472E-03 3 -1.32932421E-03 16 -1.44224684E-03 18 -3.85360769E-03
 216 1 16 0.00000000E+00 11 0.449125528 14 0.285832882 10 0.227240458 13 4.54333238E-02 15 3.93333435E-02 6 1.07602263E-02 12 1.38506410E-04 7 -1.01235835E-02 9 -9.74796154E-03 17 -1.54766096E-02 5 -7.66103854E-03 16 -3.28723295E-03 8 -4.26609628E-03 4 -1.50646095E-03 18 -5.00342203E-03 3 -7.91838625E-04
 217 1 15 0.00000000E+00 11 0.591260493 14 0.218014047 15 0.125240803 10 5.83249032E-02 12 5.89466654E-02 7 -1.21841179E-02 6 -8.58007930E-03 13 6.10774616E-03 16 -5.02446154E-03 17 -1.18793081E-02 8 -5.67578245E-03 9 -4.18678019E-03 5 -3.01239174E-03 18 -6.91392925E-03 4 -4.37833980E-04
 218 1 15 0.00000000E+00 11 0.455420971 12 0.222478345 15 0.240291104 14 0.123491623 7 8.75572581E-03 10 -1.05462293E-03 16 7.98442517E-04 6 -1.21596148E-02 8 -8.33564997E-03 13 -4.92711551E-03 17 -9.10315290E-03 18 -1.17002018E-02 9 -1.21513882E-03 5 -1.17927557E-03 4 -1.56143995E-03
 219 1 13 0.00000000E+00 12 0.448657960 15 0.284652591 11 0.227287382 14 4.67450209E-02 16 3.84668969E-02 7 1.04311174E-02 8 -1.28398417E-02 10 -8.18393659E-03 18 -1.33761643E-02 6 -7.79369660E-03 13 -4.17897291E-03 17 -8.17665923E-03 4 -1.69168646E-03
 220 1 13 0.00000000E+00 12 0.606744289 15 0.216570958 16 0.141396075 11 5.71852885E-02 8 3.00710497E-04 7 -9.34945513E-03 14 5.72003890E-03 18 -8.41290597E-03 10 -2.99957581E-03 6 -2.13967310E-03 17 -4.18158667E-03 13 9.67999440E-05 20 -9.30980779E-04
 221 1 11 0.00000000E+00 12 0.515883744 16 0.313694984 15 0.122052744 8 6.55936599E-02 11 -5.91047062E-03 7 -1.42740496E-02 18 -5.75912511E-03 14 -4.93971817E-03 10 4.36036056E-03 6 4.43137530E-03 17 4.86651110E-03
 227 1 9 0.00000000E+00 9 0.459020793 13 0.384118706 10 4.12401631E-02 5 4.92801098E-03 14 -1.02380617E-02 17 2.57005803E-02 11 7.97655620E-03 6 7.40638748E-03 19 7.98468366E-02
 228 1 11 0.00000000E+00 13 0.532443821 9 0.316193700 10 0.122037910 14 -5.48862386E-03 5 -4.11652913E-03 17 1.97714195E-03 11 -4.69418801E-03 6 -5.20185381E-03 15 5.20546176E-03 19 3.49517278E-02 7 6.69146096E-03
 229 1 13 0.00000000E+00 13 0.606384516 10 0.218585268 9 0.141107604 14 5.67985661E-02 11 6.96701650E-03 17 -1.07490271E-02 5 -6.31564250E-03 6 -9.61593818E-03 15 -3.92175280E-03 7 -1.64295570E-03 12 -2.43325456E-04 19 2.10401835E-03 3 5.41664660E-04
 230 1 12 0.00000000E+00 13 0.445206910 10 0.287278891 14 0.226084411 9 3.76757011E-02 11 4.84036803E-02 17 3.85665358E-03 6 -1.11743091E-02 15 -1.09983804E-02 5 -1.02328099E-02 12 -4.60776873E-03 7 -5.02387388E-03 19 -6.46910304E-03
 231 1 14 0.00000000E+00 14 0.453834742 10 0.241892725 13 0.219727248 11 0.124474816 17 1.00504386E-03 15 -3.70084750E-03 9 -1.06873616E-04 6 -6.44723978E-03 12 -4.59238701E-03 5 -1.02411052E-02 7 -7.04018213E-03 16 -1.42362528E-03 18 -5.73977781E-03 8 -1.64251495E-03
 232 1 15 0.00000000E+00 14 0.590148091 11 0.218645781 10 0.126285151 13 5.71512021E-02 15 5.64508624E-02 17 -1.71959251E-02 12 6.98214583E-03 6 -4.15523397E-03 7 -9.64228623E-03 9 -5.53237461E-03 16 -4.12426004E-03 5 -5.78173576E-03 18 -5.94850583E-03 8 -2.94079888E-03 4 -3.42103973E-04
 233 1 15 0.00000000E+00 14 0.450376183 11 0.286735833 15 0.229273111 10 4.10517976E-02 12 4.68793511E-02 13 -1.41810346E-03 17 -8.91314913E-03 7 -1.08318822E-02 16 -9.36709717E-03 6 -8.35527759E-03 18 -5.14580822E-03 9 -3.45617952E-03 8 -5.35666943E-03 5 -2.22516619E-03 20 7.53079657E-04
 234 1 15 0.00000000E+00 15 0.457032651 11 0.241485983 14 0.225909978 12 0.122747689 16 -3.36197508E-03 10 4.29512979E-03 7 -6.06417423E-03 17 -3.46763292E-03 18 -1.05542922E-02 13 -8.77773110E-03 6 -9.20084305E-03 8 -8.22733808E-03 9 -1.35177292E-03 20 1.47347222E-04 5 -6.13018929E-04
 236 1 13 0.00000000E+00 15 0.447229028 12 0.298919469 16 0.235780254 11 4.03053798E-02 14 -1.17263279E-03 18 4.84682852E-03 8 -2.01025023E-03 7 -9.03913844E-03 10 -2.63876165E-03 17 -6.25938969E-03 20 -3.70097673E-03 6 -1.98034896E-03 13 -2.79441912E-04
 237 1 12 0.00000000E+00 16 0.490481138 12 0.274438858 15 0.223636016 18 3.90182598E-03 11 1.80615229E-03 8 2.26096567E-02 14 -8.46850127E-03 7 -1.04717482E-02 20 -1.15631119E-04 17 -5.03383169E-04 10 1.06052961E-03 6 1.62508548E-03
 238 1 9 0.00000000E+00 16 0.689496994 12 0.188352957 15 5.65179922E-02 18 -6.35952875E-03 8 5.95286526E-02 11 -3.90088465E-03 14 3.31881945E-03 7 -1.30643754E-03 20 1.43514359E-02
 243 1 10 0.00000000E+00 13 0.487378389 9 0.294365525 10 5.95094683E-03 14 -2.26158705E-02 17 5.52620701E-02 19 0.128094152 5 1.16848452E-02 11 4.89811646E-03 6 1.27665317E-02 15 2.22153179E-02
 244 1 10 0.00000000E+00 13 0.700294316 9 0.172606707 10 2.01101825E-02 14 -1.91821307E-02 17 4.01271470E-02 11 -5.53834718E-04 5 2.36867392E-03 19 7.03793764E-02 6 4.61281976E-03 15 9.23671853E-03
 245 1 12 0.00000000E+00 13 1.00000000 14 0.00000000E+00 10 0.00000000E+00 9 0.00000000E+00 17 0.00000000E+00 11 0.00000000E+00 15 0.00000000E+00 5 0.00000000E+00 6 0.00000000E+00 19 0.00000000E+00 12 0.00000000E+00 7 0.00000000E+00
 246 1 14 0.00000000E+00 13 0.586969852 14 0.261913925 10 8.64551663E-02 17 8.22338611E-02 9 -3.62000149E-03 11 1.42713878E-02 15 -1.14731211E-02 6 -4.78286389E-03 5 -4.28253366E-03 12 -3.09049780E-03 19 1.35632203E-04 7 -1.89252291E-03 18 -2.87814927E-03 16 3.98445918E-05
 247 1 15 0.00000000E+00 14 0.585748792 13 0.261919141 17 8.75822753E-02 10 7.96624646E-02 11 2.45506521E-02 15 -1.34798130E-02 9 -6.12922385E-03 12 -4.16411366E-03 6 -4.01519937E-03 5 -3.94657720E-03 7 -2.32315785E-03 18 -1.50155276E-03 16 -2.19810245E-04 19 -1.73724000E-03 20 -1.94663845E-03
 248 1 16 0.00000000E+00 14 1.00000000 13 0.00000000E+00 15 0.00000000E+00 11 0.00000000E+00 17 0.00000000E+00 10 0.00000000E+00 12 0.00000000E+00 9 0.00000000E+00 18 0.00000000E+00 16 0.00000000E+00 6 0.00000000E+00 7 0.00000000E+00 5 0.00000000E+00 20 0.00000000E+00 8 0.00000000E+00 19 0.00000000E+00
 249 1 15 0.00000000E+00 14 0.595472276 15 0.278458774 11 8.57144222E-02 17 4.35552336E-02 13 -1.61699932E-02 10 3.64852982E-04 12 1.22298067E-02 16 -1.19339824E-02 18 1.53853493E-02 7 -4.60324530E-03 6 -3.72169167E-03 9 -1.67059072E-03 20 8.89808126E-03 8 -2.23529502E-03 5 2.55991297E-04
 250 1 14 0.00000000E+00 15 0.603253961 14 0.272938162 11 7.87656978E-02 12 2.21215598E-02 16 -1.54870106E-02 17 3.56481299E-02 18 2.02707425E-02 10 -3.26702278E-03 13 -1.29202139E-02 7 -3.84687213E-03 20 9.81065631E-03 6 -3.51375504E-03 8 -3.05347634E-03 9 -7.20589538E-04
 251 1 13 0.00000000E+00 15 1.00000000 14 0.00000000E+00 16 0.00000000E+00 12 0.00000000E+00 11 0.00000000E+00 18 0.00000000E+00 17 0.00000000E+00 10 0.00000000E+00 13 0.00000000E+00 7 0.00000000E+00 20 0.00000000E+00 8 0.00000000E+00 6 0.00000000E+00
 252 1 13 0.00000000E+00 15 0.590924263 16 0.259746581 12 8.91496763E-02 18 8.20796341E-02 14 -1.04151033E-02 11 4.71445179E-04 17 1.96110504E-03 20 -2.84656184E-03 8 -3.68664996E-03 7 -4.18580882E-03 10 -1.83840923E-03 13 -9.29047877E-04 6 -4.31147433E-04
 253 1 12 0.00000000E+00 16 0.585684419 15 0.265424132 18 8.73739868E-02 12 8.49456117E-02 11 -3.21555999E-03 14 -8.87601357E-03 8 -9.74136405E-04 20 -4.88963164E-03 7 -4.35587717E-03 17 3.49443668E-04 10 -1.14703854E-03 13 -3.19340645E-04
 254 1 10 0.00000000E+00 16 1.00000000 15 0.00000000E+00 18 0.00000000E+00 12 0.00000000E+00 11 0.00000000E+00 14 0.00000000E+00 8 0.00000000E+00 20 0.00000000E+00 7 0.00000000E+00 17 0.00000000E+00
 262 1 13 0.00000000E+00 13 0.488813072 14 0.224764094 17 0.272709578 10 6.70475420E-03 9 -7.03995908E-03 11 -5.22582326E-03 15 -7.99289532E-03 19 2.98044216E-02 6 -1.90181250E-04 12 -4.70054598E-04 5 1.80655290E-04 18 1.11229267E-04 20 -2.16889475E-03
 263 1 15 0.00000000E+00 14 0.454149961 17 0.305231154 13 0.236432254 10 9.67335794E-03 15 8.09902046E-03 11 -1.08293779E-02 9 -8.31381138E-03 18 6.04886236E-03 12 -4.37033130E-03 19 4.52973833E-03 6 -1.28334190E-03 16 -7.30741303E-04 20 1.17838371E-03 5 -3.48336267E-04 7 5.33211161E-04
 264 1 14 0.00000000E+00 14 0.607035577 17 0.251397938 13 5.66344634E-02 15 8.58052224E-02 11 -1.38829444E-02 10 -9.63818561E-03 18 2.51904353E-02 12 -6.47170236E-03 16 -4.48107487E-03 9 -3.65368463E-03 20 1.49358585E-02 6 -1.09314033E-05 19 -3.33397114E-03 7 4.73018532E-04
 265 1 14 0.00000000E+00 14 0.485455573 15 0.274493307 17 0.186937243 11 5.93175320E-03 13 -6.84456760E-03 18 5.93750626E-02 10 -1.39515186E-02 12 -9.04887915E-03 16 -9.78424493E-03 20 3.17145139E-02 7 -8.28344608E-04 9 -9.29950213E-04 6 -2.03435193E-05 19 -2.49958760E-03
 268 1 12 0.00000000E+00 15 0.480986327 16 0.218639091 18 0.267755568 12 5.01510780E-03 14 1.44350082E-02 11 -1.35676954E-02 20 9.69014689E-03 17 2.77750324E-02 8 -3.83254956E-03 13 -3.57486214E-03 10 -2.38421652E-03 7 -9.36976867E-04
 269 1 10 0.00000000E+00 16 0.454648882 18 0.309080601 15 0.235993445 12 6.96980488E-03 14 -2.12863972E-03 20 -2.53281416E-03 11 -7.78876431E-03 17 8.56886618E-03 8 -3.18373973E-03 7 3.72363662E-04
 270 1 9 0.00000000E+00 16 0.648438752 18 0.269751459 15 5.37730716E-02 12 -7.95380212E-03 20 1.20935850E-02 14 6.95136201E-04 11 3.06052505E-03 8 1.23973889E-02 17 7.74385920E-03
 271 1 8 0.00000000E+00 16 0.632047713 18 0.237531140 15 -1.64055228E-02 12 5.27105760E-03 20 5.32493480E-02 14 1.95217840E-02 11 1.65089592E-02 8 5.22755310E-02
 277 1 8 0.00000000E+00 13 0.427677870 17 0.357374549 14 4.37657237E-02 19 0.153304115 10 -1.57683250E-02 9 3.37006375E-02 15 -9.89111140E-04 11 9.34534473E-04
 279 1 13 0.00000000E+00 17 0.617402434 14 0.225669384 13 0.139957160 15 1.84297208E-02 10 -5.54960594E-03 11 -1.04674241E-02 19 8.56679026E-03 18 9.38525237E-03 9 -4.02371306E-03 20 3.59833217E-03 12 -2.80163903E-03 16 -7.64667697E-04 6 5.97945822E-04
 280 1 12 0.00000000E+00 17 0.512396455 14 0.315468758 13 3.59429754E-02 15 9.52214673E-02 11 -1.32800778E-02 18 4.50871438E-02 10 -9.69331246E-03 20 3.68495397E-02 16 -4.57488419E-03 12 -7.19591277E-03 19 -3.96311190E-03 9 -2.25905841E-03
 281 1 12 0.00000000E+00 14 0.298639476 17 0.351508528 15 0.218456075 18 0.104360998 13 -6.13203878E-03 11 -1.09493397E-02 20 7.38097653E-02 16 -6.38370868E-03 10 -1.18478760E-02 12 -1.26730166E-02 19 6.64260413E-04 9 5.46879077E-04
 282 1 11 0.00000000E+00 15 0.340337962 14 0.199984208 17 0.221224621 18 0.192604557 16 3.07135074E-03 20 9.36833248E-02 11 -1.12894047E-02 12 -1.88963097E-02 13 -1.39814178E-02 10 -8.95108748E-03 7 2.21218821E-03
 284 1 10 0.00000000E+00 18 0.502377212 15 0.288335174 16 0.116905577 20 4.09453660E-02 14 3.25667411E-02 12 -1.30177969E-02 17 5.27869314E-02 11 -1.21971760E-02 13 -5.70355821E-03 10 -2.99845007E-03
 285 1 9 0.00000000E+00 18 0.622998059 16 0.232715815 15 0.136630088 20 1.29613001E-03 12 -7.12832902E-03 14 4.14139219E-03 17 1.29128564E-02 11 -4.79770778E-03 8 1.23167434E-03
 295 1 12 0.00000000E+00 17 1.00000000 14 0.00000000E+00 13 0.00000000E+00 15 0.00000000E+00 19 0.00000000E+00 20 0.00000000E+00 18 0.00000000E+00 10 0.00000000E+00 11 0.00000000E+00 9 0.00000000E+00 16 0.00000000E+00 12 0.00000000E+00
 296 1 12 0.00000000E+00 17 0.685949743 14 0.119979501 13 -7.93752354E-03 15 7.07997978E-02 18 5.48604690E-02 20 7.78381228E-02 19 1.37026859E-02 11 -6.76881801E-03 10 -4.50879661E-03 16 -2.73666997E-03 12 -3.48356902E-03 9 2.30503245E-03
 297 1 11 0.00000000E+00 17 0.453113526 14 0.153609231 15 0.147930413 18 0.127057031 20 0.142431676 13 -1.49981584E-02 16 -4.67780139E-03 11 -9.49112792E-03 10 -4.83334577E-03 12 -7.98548758E-03 19 1.78440325E-02
 299 1 10 0.00000000E+00 18 0.394327641 15 0.208589956 20 0.191509455 17 0.158995226 14 7.43198991E-02 16 7.87800364E-03 12 -1.28356526E-02 11 -1.00890789E-02 13 -9.97691788E-03 10 -2.71851593E-03
 300 1 9 0.00000000E+00 18 0.641282737 20 0.133827209 15 0.134893909 16 1.68552268E-02 14 3.00834123E-02 17 6.62113130E-02 12 -9.25398432E-03 11 -7.75428722E-03 13 -6.14555785E-03
 301 1 8 0.00000000E+00 18 1.00000000 16 0.00000000E+00 20 0.00000000E+00 15 0.00000000E+00 14 0.00000000E+00 17 0.00000000E+00 12 0.00000000E+00 11 0.00000000E+00
 302 1 8 0.00000000E+00 18 0.697052717 16 0.176536903 20 9.51770470E-02 15 -1.39485737E-02 12 1.16200661E-02 14 4.59389947E-03 17 1.12893740E-02 11 1.76785924E-02
 308 1 6 0.00000000E+00 19 0.498897076 17 0.281706303 13 0.164969832 14 1.51501969E-03 9 5.10107279E-02 10 1.90103939E-03
 309 1 8 0.00000000E+00 17 0.431964248 19 0.366944969 13 0.137413800 14 -9.28118359E-03 10 -2.08742358E-03 15 5.00287907E-03 9 2.94072554E-02 20 4.06354479E-02
 310 1 10 0.00000000E+00 17 0.618851840 19 0.233059570 13 7.55695701E-02 14 -1.44723235E-02 20 5.21901920E-02 15 1.65103830E-03 10 -1.91769842E-03 18 1.00544039E-02 9 1.79196857E-02 11 7.09372992E-03
 311 1 9 0.00000000E+00 17 0.733027339 14 -7.04212068E-03 13 1.14843408E-02 19 0.126598701 20 8.52792338E-02 15 1.56377107E-02 18 2.34024320E-02 10 5.97895775E-03 11 5.63340588E-03
 312 1 10 0.00000000E+00 17 0.628433108 14 3.75317000E-02 20 0.153527141 13 -1.36189032E-02 15 4.97111082E-02 18 5.94226494E-02 19 7.69868568E-02 11 5.84593799E-04 16 2.79684411E-03 10 4.62491950E-03
 313 1 11 0.00000000E+00 17 0.448645771 20 0.236969277 14 6.88561946E-02 18 0.119950891 15 9.10408422E-02 13 -1.62745453E-02 19 5.40967956E-02 16 -2.14887084E-03 11 -3.85695510E-03 10 2.89724302E-03 12 -1.76652422E-04
 314 1 10 0.00000000E+00 20 0.315327346 17 0.287897199 18 0.206572071 15 0.116217487 14 6.73250630E-02 16 -5.75663568E-03 13 -1.35751143E-02 11 -5.15758619E-03 12 -4.16111480E-03 19 3.53112966E-02
 316 1 8 0.00000000E+00 18 0.512949109 20 0.354062557 15 5.82457073E-02 16 -9.30665433E-03 17 6.88171610E-02 14 2.04614028E-02 12 -2.98022339E-03 11 -2.24904111E-03
 317 1 7 0.00000000E+00 18 0.657013476 20 0.287545949 16 1.49236964E-02 15 -6.28670561E-04 17 2.13266741E-02 14 1.03974994E-02 12 9.42134485E-03
 323 1 5 0.00000000E+00 19 0.766618788 17 0.104647353 13 7.87870511E-02 14 6.68953452E-03 9 4.32572924E-02
 327 1 7 0.00000000E+00 17 0.529708207 19 0.228724211 14 -1.44197268E-03 20 0.157675415 13 2.23045330E-02 18 3.52754667E-02 15 2.77541410E-02
 331 1 7 0.00000000E+00 20 0.590428710 18 0.191146612 17 0.143741906 15 5.16001135E-02 14 2.40620468E-02 16 -3.70673300E-03 13 2.72738212E-03
 332 1 7 0.00000000E+00 20 0.652243257 18 0.266653091 15 2.21953522E-02 16 -3.97814438E-03 17 4.96917814E-02 14 1.16529837E-02 12 1.54166901E-03
 333 1 6 0.00000000E+00 20 0.561165929 18 0.370819658 16 3.00748907E-02 15 -1.18279961E-04 17 2.14917958E-02 14 1.65660325E-02
 339 1 4 0.00000000E+00 19 1.00000000 17 0.00000000E+00 13 0.00000000E+00 14 0.00000000E+00
 340 1 5 0.00000000E+00 19 0.764459133 17 0.134500712 13 3.61139216E-02 14 7.58016901E-03 20 5.73460683E-02
 343 1 7 0.00000000E+00 17 0.379328549 19 0.299380094 20 0.212056085 14 4.08998085E-03 13 2.94189937E-02 18 4.03172933E-02 15 3.54089849E-02
 348 1 6 0.00000000E+00 20 1.00000000 18 0.00000000E+00 17 0.00000000E+00 15 0.00000000E+00 16 0.00000000E+00 14 0.00000000E+00
 358 1 5 0.00000000E+00 19 0.454179257 17 0.251824260 20 0.211176485 13 4.65510786E-02 14 3.62689123E-02
 376 1 5 0.00000000E+00 20 0.348265946 17 0.213306829 19 0.294384301 18 7.46975467E-02 14 6.93453699E-02
 388 1 2 0.00000000E+00 19 0.686870217 17 0.313129783
