points6.pts
zone6.inf
 16 28
 27
SY_BSE0
SY_BSE1
SY_BSE2
SY_BSE3
SY_BSE4
SY_BSE5
SY_BSE6
SY_BSE7
SY_BSE8
SY_BSE9
SY_BSE10
SY_BSE11
SY_BSE12
SY_BSE13
SY_BSE14
SY_BSE15
SY_BSE16
SY_BSE17
SY_BSE18
SY_BSE19
SY_BSE20
SY_BSE21
SY_BSE22
SY_BSE23
SY_BSE24
SY_BSE25
SY_BSE26
 2 1 1 0.00000000E+00 1 0.000000000000000E+00
 3 1 1 0.00000000E+00 1 0.000000000000000E+00
 18 1 1 0.00000000E+00 1 0.000000000000000E+00
 19 1 1 0.00000000E+00 1 0.000000000000000E+00
 34 1 2 0.00000000E+00 1 0.805912077 2 0.194087908
 35 1 1 0.00000000E+00 1 0.8059120961317012
 36 1 1 0.00000000E+00 1 0.8059120961317012
 50 1 2 0.00000000E+00 1 0.780405045 2 0.219594955
 51 1 3 0.00000000E+00 1 1.00000000 2 0.00000000E+00 3 0.00000000E+00
 52 1 3 0.00000000E+00 1 0.751947403 3 0.203019306 2 4.50332910E-02
 66 1 3 0.00000000E+00 1 0.564089894 2 0.382543832 3 5.33662550E-02
 67 1 3 0.00000000E+00 1 0.628077447 2 0.232222423 3 0.139700145
 68 1 3 0.00000000E+00 1 0.548581183 3 0.325024545 2 0.126394272
 69 1 4 0.00000000E+00 3 0.388932765 1 0.397814900 2 5.00869825E-02 4 0.163165346
 70 1 3 0.00000000E+00 3 0.372624457 4 0.323303193 1 0.304072350
 81 1 2 0.00000000E+00 2 0.691356719 1 0.308643311
 82 1 3 0.00000000E+00 2 0.654026210 1 0.282808751 3 6.31650165E-02
 83 1 3 0.00000000E+00 2 0.455245912 1 0.308833122 3 0.235920966
 84 1 4 0.00000000E+00 3 0.492817760 1 0.282027096 2 0.220619589 5 4.53555956E-03
 85 1 4 0.00000000E+00 3 0.635617852 1 0.200775027 2 5.32685556E-02 4 0.110338598
 86 1 3 0.00000000E+00 3 0.521433890 4 0.324760020 1 0.153806105
 97 1 3 0.00000000E+00 2 0.814270735 1 0.137830123 3 4.78991419E-02
 98 1 4 0.00000000E+00 2 1.00000000 3 0.00000000E+00 1 0.00000000E+00 5 0.00000000E+00
 99 1 4 0.00000000E+00 2 0.584131420 3 0.258012205 1 8.10161009E-02 5 7.68402591E-02
 100 1 5 0.00000000E+00 3 0.590803742 2 0.258549005 5 8.42195228E-02 1 7.95170590E-02 4 -1.30892992E-02
 101 1 6 0.00000000E+00 3 1.00000000 2 0.00000000E+00 4 0.00000000E+00 5 0.00000000E+00 1 0.00000000E+00 6 0.00000000E+00
 102 1 5 0.00000000E+00 3 0.615096569 4 0.288275778 6 7.57341385E-02 5 2.16104575E-02 2 -7.16962852E-04
 103 1 3 0.00000000E+00 4 0.614426553 3 0.296007544 6 8.95659104E-02
 104 1 4 0.00000000E+00 4 1.00000000 3 0.00000000E+00 6 0.00000000E+00 7 0.00000000E+00
 113 1 2 0.00000000E+00 2 0.749314427 5 0.250685543
 114 1 3 0.00000000E+00 2 0.705215514 5 0.226344213 3 6.84402436E-02
 115 1 4 0.00000000E+00 2 0.492817760 3 0.220619589 5 0.282027096 1 4.53555956E-03
 116 1 4 0.00000000E+00 3 0.443817973 5 0.293412477 2 0.232907400 6 2.98621356E-02
 117 1 5 0.00000000E+00 3 0.583405554 5 0.211255759 6 0.115322329 2 4.51502018E-02 4 4.48661298E-02
 118 1 4 0.00000000E+00 3 0.446972817 4 0.213460192 6 0.230719849 5 0.108847156
 119 1 5 0.00000000E+00 4 0.442372441 6 0.279599607 3 0.218875811 5 3.24921831E-02 7 2.66599599E-02
 120 1 4 0.00000000E+00 4 0.602478802 6 0.213251770 7 0.134697542 3 4.95718569E-02
 121 1 3 0.00000000E+00 4 0.548581183 7 0.325024545 6 0.126394272
 122 1 4 0.00000000E+00 7 0.388932765 4 0.397814900 6 5.00869825E-02 8 0.163165346
 130 1 3 0.00000000E+00 2 0.491851717 5 0.435625851 3 7.25224167E-02
 131 1 4 0.00000000E+00 5 0.511195362 2 0.311500996 3 0.117690541 9 5.96131235E-02
 132 1 4 0.00000000E+00 5 0.602478802 3 0.213251770 2 0.134697542 6 4.95718569E-02
 133 1 5 0.00000000E+00 5 0.442372441 3 0.279599607 6 0.218875811 2 2.66599599E-02 4 3.24921831E-02
 134 1 5 0.00000000E+00 6 0.449930847 3 0.231098488 5 0.216024518 4 0.109609187 10 -6.66303048E-03
 135 1 5 0.00000000E+00 6 0.583405554 4 0.211255759 3 0.115322329 5 4.48661298E-02 7 4.51502018E-02
 136 1 4 0.00000000E+00 6 0.443817973 4 0.293412477 7 0.232907400 3 2.98621356E-02
 137 1 4 0.00000000E+00 7 0.492817760 4 0.282027096 6 0.220619589 11 4.53555956E-03
 138 1 4 0.00000000E+00 7 0.635617852 4 0.200775027 6 5.32685556E-02 8 0.110338598
 139 1 3 0.00000000E+00 7 0.521433890 8 0.324760020 4 0.153806105
 146 1 3 0.00000000E+00 5 0.432495445 2 0.308935612 9 0.258568913
 147 1 5 0.00000000E+00 5 0.657288790 9 0.161571935 2 0.167669311 3 2.63860617E-02 6 -1.29161049E-02
 148 1 6 0.00000000E+00 5 1.00000000 6 0.00000000E+00 3 0.00000000E+00 9 0.00000000E+00 2 0.00000000E+00 10 0.00000000E+00
 149 1 5 0.00000000E+00 5 0.579350293 6 0.257499903 3 7.97676444E-02 10 7.11625740E-02 9 1.22195920E-02
 150 1 6 0.00000000E+00 6 0.586346626 5 0.257994205 10 8.36895108E-02 3 7.19484091E-02 4 1.87883321E-02 7 -1.87670942E-02
 151 1 7 0.00000000E+00 6 1.00000000 5 0.00000000E+00 7 0.00000000E+00 4 0.00000000E+00 10 0.00000000E+00 3 0.00000000E+00 11 0.00000000E+00
 152 1 6 0.00000000E+00 6 0.586346626 7 0.257994205 4 8.36895108E-02 11 7.19484091E-02 10 1.87883321E-02 5 -1.87670942E-02
 153 1 5 0.00000000E+00 7 0.590803742 6 0.258549005 11 8.42195228E-02 4 7.95170590E-02 8 -1.30892992E-02
 154 1 6 0.00000000E+00 7 1.00000000 6 0.00000000E+00 8 0.00000000E+00 11 0.00000000E+00 4 0.00000000E+00 12 0.00000000E+00
 155 1 5 0.00000000E+00 7 0.615096569 8 0.288275778 12 7.57341385E-02 11 2.16104575E-02 6 -7.16962852E-04
 156 1 3 0.00000000E+00 8 0.614426553 7 0.296007544 12 8.95659104E-02
 157 1 3 0.00000000E+00 8 1.00000000 7 0.00000000E+00 12 0.00000000E+00
 162 1 3 0.00000000E+00 5 0.367826939 9 0.435347229 2 0.196825817
 163 1 3 0.00000000E+00 5 0.564089894 9 0.382543832 10 5.33662550E-02
 164 1 4 0.00000000E+00 5 0.604426324 9 0.228138030 10 0.117749095 6 4.96865585E-02
 165 1 5 0.00000000E+00 5 0.449930847 6 0.216024518 10 0.231098488 9 0.109609187 3 -6.66303048E-03
 166 1 5 0.00000000E+00 6 0.442372441 10 0.279599607 5 0.218875811 9 3.24921831E-02 11 2.66599599E-02
 167 1 5 0.00000000E+00 6 0.583405554 10 0.211255759 11 0.115322329 5 4.51502018E-02 7 4.48661298E-02
 168 1 5 0.00000000E+00 6 0.449930847 7 0.216024518 11 0.231098488 10 0.109609187 4 -6.66303048E-03
 169 1 5 0.00000000E+00 7 0.442372441 11 0.279599607 6 0.218875811 10 3.24921831E-02 12 2.66599599E-02
 170 1 5 0.00000000E+00 7 0.583405554 11 0.211255759 12 0.115322329 6 4.51502018E-02 8 4.48661298E-02
 171 1 4 0.00000000E+00 7 0.446972817 8 0.213460192 12 0.230719849 11 0.108847156
 172 1 4 0.00000000E+00 8 0.452340961 12 0.292011768 7 0.220308751 11 3.53385136E-02
 173 1 3 0.00000000E+00 8 0.654026210 12 0.282808751 7 6.31650165E-02
 178 1 2 0.00000000E+00 9 0.691356719 5 0.308643311
 179 1 3 0.00000000E+00 9 0.654026210 5 0.282808751 10 6.31650165E-02
 180 1 4 0.00000000E+00 9 0.452340961 5 0.292011768 10 0.220308751 6 3.53385136E-02
 181 1 5 0.00000000E+00 10 0.449930847 5 0.231098488 9 0.216024518 6 0.109609187 13 -6.66303048E-03
 182 1 5 0.00000000E+00 10 0.583405554 6 0.211255759 5 0.115322329 9 4.48661298E-02 11 4.51502018E-02
 183 1 5 0.00000000E+00 10 0.442372441 6 0.279599607 11 0.218875811 5 2.66599599E-02 7 3.24921831E-02
 184 1 5 0.00000000E+00 11 0.449930847 6 0.231098488 10 0.216024518 7 0.109609187 14 -6.66303048E-03
 185 1 5 0.00000000E+00 11 0.583405554 7 0.211255759 6 0.115322329 10 4.48661298E-02 12 4.51502018E-02
 186 1 5 0.00000000E+00 11 0.442372441 7 0.279599607 12 0.218875811 6 2.66599599E-02 8 3.24921831E-02
 187 1 5 0.00000000E+00 12 0.449930847 7 0.231098488 11 0.216024518 8 0.109609187 15 -6.66303048E-03
 188 1 4 0.00000000E+00 12 0.604426324 8 0.228138030 7 0.117749095 11 4.96865585E-02
 189 1 3 0.00000000E+00 12 0.564089894 8 0.382543832 7 5.33662550E-02
 195 1 4 0.00000000E+00 9 1.00000000 10 0.00000000E+00 5 0.00000000E+00 13 0.00000000E+00
 196 1 4 0.00000000E+00 9 0.584131420 10 0.258012205 5 8.10161009E-02 13 7.68402591E-02
 197 1 6 0.00000000E+00 10 0.586346626 9 0.257994205 13 8.36895108E-02 5 7.19484091E-02 6 1.87883321E-02 11 -1.87670942E-02
 198 1 7 0.00000000E+00 10 1.00000000 9 0.00000000E+00 11 0.00000000E+00 6 0.00000000E+00 13 0.00000000E+00 5 0.00000000E+00 14 0.00000000E+00
 199 1 6 0.00000000E+00 10 0.586346626 11 0.257994205 6 8.36895108E-02 14 7.19484091E-02 13 1.87883321E-02 9 -1.87670942E-02
 200 1 6 0.00000000E+00 11 0.586346626 10 0.257994205 14 8.36895108E-02 6 7.19484091E-02 7 1.87883321E-02 12 -1.87670942E-02
 201 1 7 0.00000000E+00 11 1.00000000 10 0.00000000E+00 12 0.00000000E+00 7 0.00000000E+00 14 0.00000000E+00 6 0.00000000E+00 15 0.00000000E+00
 202 1 6 0.00000000E+00 11 0.586346626 12 0.257994205 7 8.36895108E-02 15 7.19484091E-02 14 1.87883321E-02 10 -1.87670942E-02
 203 1 5 0.00000000E+00 12 0.579350293 11 0.257499903 15 7.97676444E-02 7 7.11625740E-02 8 1.22195920E-02
 204 1 6 0.00000000E+00 12 1.00000000 11 0.00000000E+00 8 0.00000000E+00 15 0.00000000E+00 7 0.00000000E+00 16 0.00000000E+00
 205 1 5 0.00000000E+00 12 0.657288790 8 0.161571935 16 0.167669311 15 2.63860617E-02 11 -1.29161049E-02
 211 1 3 0.00000000E+00 9 0.705215514 13 0.226344213 10 6.84402436E-02
 212 1 4 0.00000000E+00 9 0.492817760 10 0.220619589 13 0.282027096 5 4.53555956E-03
 213 1 4 0.00000000E+00 10 0.443817973 13 0.293412477 9 0.232907400 14 2.98621356E-02
 214 1 5 0.00000000E+00 10 0.583405554 13 0.211255759 14 0.115322329 9 4.51502018E-02 11 4.48661298E-02
 215 1 5 0.00000000E+00 10 0.449930847 11 0.216024518 14 0.231098488 13 0.109609187 6 -6.66303048E-03
 216 1 5 0.00000000E+00 11 0.442372441 14 0.279599607 10 0.218875811 13 3.24921831E-02 15 2.66599599E-02
 217 1 5 0.00000000E+00 11 0.583405554 14 0.211255759 15 0.115322329 10 4.51502018E-02 12 4.48661298E-02
 218 1 5 0.00000000E+00 11 0.449930847 12 0.216024518 15 0.231098488 14 0.109609187 7 -6.66303048E-03
 219 1 5 0.00000000E+00 12 0.442372441 15 0.279599607 11 0.218875811 14 3.24921831E-02 16 2.66599599E-02
 220 1 4 0.00000000E+00 12 0.602478802 15 0.213251770 16 0.134697542 11 4.95718569E-02
 221 1 4 0.00000000E+00 12 0.511195362 16 0.311500996 15 0.117690541 8 5.96131235E-02
 227 1 3 0.00000000E+00 9 0.491851717 13 0.435625851 10 7.25224167E-02
 228 1 4 0.00000000E+00 13 0.511195362 9 0.311500996 10 0.117690541 17 5.96131235E-02
 229 1 4 0.00000000E+00 13 0.602478802 10 0.213251770 9 0.134697542 14 4.95718569E-02
 230 1 5 0.00000000E+00 13 0.442372441 10 0.279599607 14 0.218875811 9 2.66599599E-02 11 3.24921831E-02
 231 1 5 0.00000000E+00 14 0.449930847 10 0.231098488 13 0.216024518 11 0.109609187 18 -6.66303048E-03
 232 1 5 0.00000000E+00 14 0.583405554 11 0.211255759 10 0.115322329 13 4.48661298E-02 15 4.51502018E-02
 233 1 5 0.00000000E+00 14 0.442372441 11 0.279599607 15 0.218875811 10 2.66599599E-02 12 3.24921831E-02
 234 1 5 0.00000000E+00 15 0.449930847 11 0.231098488 14 0.216024518 12 0.109609187 19 -6.66303048E-03
 235 1 5 0.00000000E+00 15 0.583405554 12 0.211255759 11 0.115322329 14 4.48661298E-02 16 4.51502018E-02
 236 1 4 0.00000000E+00 15 0.443817973 12 0.293412477 16 0.232907400 11 2.98621356E-02
 237 1 4 0.00000000E+00 16 0.492817760 12 0.282027096 15 0.220619589 20 4.53555956E-03
 238 1 3 0.00000000E+00 16 0.705215514 12 0.226344213 15 6.84402436E-02
 243 1 3 0.00000000E+00 13 0.432495445 9 0.308935612 17 0.258568913
 244 1 5 0.00000000E+00 13 0.657288790 17 0.161571935 9 0.167669311 10 2.63860617E-02 14 -1.29161049E-02
 245 1 6 0.00000000E+00 13 1.00000000 14 0.00000000E+00 10 0.00000000E+00 17 0.00000000E+00 9 0.00000000E+00 18 0.00000000E+00
 246 1 5 0.00000000E+00 13 0.579350293 14 0.257499903 10 7.97676444E-02 18 7.11625740E-02 17 1.22195920E-02
 247 1 6 0.00000000E+00 14 0.586346626 13 0.257994205 18 8.36895108E-02 10 7.19484091E-02 11 1.87883321E-02 15 -1.87670942E-02
 248 1 7 0.00000000E+00 14 1.00000000 13 0.00000000E+00 15 0.00000000E+00 11 0.00000000E+00 18 0.00000000E+00 10 0.00000000E+00 19 0.00000000E+00
 249 1 6 0.00000000E+00 14 0.586346626 15 0.257994205 11 8.36895108E-02 19 7.19484091E-02 18 1.87883321E-02 13 -1.87670942E-02
 250 1 6 0.00000000E+00 15 0.586346626 14 0.257994205 19 8.36895108E-02 11 7.19484091E-02 12 1.87883321E-02 16 -1.87670942E-02
 251 1 7 0.00000000E+00 15 1.00000000 14 0.00000000E+00 16 0.00000000E+00 12 0.00000000E+00 19 0.00000000E+00 11 0.00000000E+00 20 0.00000000E+00
 252 1 6 0.00000000E+00 15 0.586346626 16 0.257994205 12 8.36895108E-02 20 7.19484091E-02 19 1.87883321E-02 14 -1.87670942E-02
 253 1 4 0.00000000E+00 16 0.584131420 15 0.258012205 20 8.10161009E-02 12 7.68402591E-02
 254 1 4 0.00000000E+00 16 1.00000000 15 0.00000000E+00 20 0.00000000E+00 12 0.00000000E+00
 260 1 3 0.00000000E+00 13 0.564089894 17 0.382543832 18 5.33662550E-02
 261 1 4 0.00000000E+00 13 0.604426324 17 0.228138030 18 0.117749095 14 4.96865585E-02
 262 1 5 0.00000000E+00 13 0.449930847 14 0.216024518 18 0.231098488 17 0.109609187 10 -6.66303048E-03
 263 1 5 0.00000000E+00 14 0.442372441 18 0.279599607 13 0.218875811 17 3.24921831E-02 19 2.66599599E-02
 264 1 5 0.00000000E+00 14 0.583405554 18 0.211255759 19 0.115322329 13 4.51502018E-02 15 4.48661298E-02
 265 1 5 0.00000000E+00 14 0.449930847 15 0.216024518 19 0.231098488 18 0.109609187 11 -6.66303048E-03
 266 1 5 0.00000000E+00 15 0.442372441 19 0.279599607 14 0.218875811 18 3.24921831E-02 20 2.66599599E-02
 267 1 5 0.00000000E+00 15 0.583405554 19 0.211255759 20 0.115322329 14 4.51502018E-02 16 4.48661298E-02
 268 1 5 0.00000000E+00 15 0.449930847 16 0.216024518 20 0.231098488 19 0.109609187 12 -6.66303048E-03
 269 1 4 0.00000000E+00 16 0.452340961 20 0.292011768 15 0.220308751 19 3.53385136E-02
 270 1 3 0.00000000E+00 16 0.654026210 20 0.282808751 15 6.31650165E-02
 271 1 2 0.00000000E+00 16 0.691356719 20 0.308643311
 276 1 3 0.00000000E+00 17 0.654026210 13 0.282808751 18 6.31650165E-02
 277 1 4 0.00000000E+00 17 0.452340961 13 0.292011768 18 0.220308751 14 3.53385136E-02
 278 1 5 0.00000000E+00 18 0.449930847 13 0.231098488 17 0.216024518 14 0.109609187 22 -6.66303048E-03
 279 1 5 0.00000000E+00 18 0.583405554 14 0.211255759 13 0.115322329 17 4.48661298E-02 19 4.51502018E-02
 280 1 5 0.00000000E+00 18 0.442372441 14 0.279599607 19 0.218875811 13 2.66599599E-02 15 3.24921831E-02
 281 1 5 0.00000000E+00 19 0.449930847 14 0.231098488 18 0.216024518 15 0.109609187 23 -6.66303048E-03
 282 1 5 0.00000000E+00 19 0.583405554 15 0.211255759 14 0.115322329 18 4.48661298E-02 20 4.51502018E-02
 283 1 5 0.00000000E+00 19 0.442372441 15 0.279599607 20 0.218875811 14 2.66599599E-02 16 3.24921831E-02
 284 1 5 0.00000000E+00 20 0.449930847 15 0.231098488 19 0.216024518 16 0.109609187 24 -6.66303048E-03
 285 1 4 0.00000000E+00 20 0.604426324 16 0.228138030 15 0.117749095 19 4.96865585E-02
 286 1 3 0.00000000E+00 20 0.564089894 16 0.382543832 15 5.33662550E-02
 287 1 2 0.00000000E+00 16 0.500000000 20 0.500000000
 291 1 4 0.00000000E+00 17 0.704360664 21 0.191327691 13 0.108391024 18 -4.07938985E-03
 292 1 5 0.00000000E+00 17 1.00000000 18 0.00000000E+00 13 0.00000000E+00 21 0.00000000E+00 22 0.00000000E+00
 293 1 5 0.00000000E+00 17 0.579350293 18 0.257499903 13 7.97676444E-02 22 7.11625740E-02 21 1.22195920E-02
 294 1 6 0.00000000E+00 18 0.586346626 17 0.257994205 22 8.36895108E-02 13 7.19484091E-02 14 1.87883321E-02 19 -1.87670942E-02
 295 1 7 0.00000000E+00 18 1.00000000 17 0.00000000E+00 19 0.00000000E+00 14 0.00000000E+00 22 0.00000000E+00 13 0.00000000E+00 23 0.00000000E+00
 296 1 6 0.00000000E+00 18 0.586346626 19 0.257994205 14 8.36895108E-02 23 7.19484091E-02 22 1.87883321E-02 17 -1.87670942E-02
 297 1 6 0.00000000E+00 19 0.586346626 18 0.257994205 23 8.36895108E-02 14 7.19484091E-02 15 1.87883321E-02 20 -1.87670942E-02
 298 1 7 0.00000000E+00 19 1.00000000 18 0.00000000E+00 20 0.00000000E+00 15 0.00000000E+00 23 0.00000000E+00 14 0.00000000E+00 24 0.00000000E+00
 299 1 6 0.00000000E+00 19 0.586346626 20 0.257994205 15 8.36895108E-02 24 7.19484091E-02 23 1.87883321E-02 18 -1.87670942E-02
 300 1 5 0.00000000E+00 20 0.579350293 19 0.257499903 24 7.97676444E-02 15 7.11625740E-02 16 1.22195920E-02
 301 1 5 0.00000000E+00 20 1.00000000 19 0.00000000E+00 16 0.00000000E+00 24 0.00000000E+00 15 0.00000000E+00
 302 1 4 0.00000000E+00 20 0.704360664 16 0.191327691 24 0.108391024 19 -4.07938985E-03
 303 1 2 0.00000000E+00 20 0.639952838 16 0.360047191
 307 1 3 0.00000000E+00 17 0.564089894 21 0.382543832 22 5.33662550E-02
 308 1 4 0.00000000E+00 17 0.604426324 21 0.228138030 22 0.117749095 18 4.96865585E-02
 309 1 5 0.00000000E+00 17 0.449930847 18 0.216024518 22 0.231098488 21 0.109609187 13 -6.66303048E-03
 310 1 5 0.00000000E+00 18 0.442372441 22 0.279599607 17 0.218875811 21 3.24921831E-02 23 2.66599599E-02
 311 1 5 0.00000000E+00 18 0.583405554 22 0.211255759 23 0.115322329 17 4.51502018E-02 19 4.48661298E-02
 312 1 5 0.00000000E+00 18 0.449930847 19 0.216024518 23 0.231098488 22 0.109609187 14 -6.66303048E-03
 313 1 5 0.00000000E+00 19 0.442372441 23 0.279599607 18 0.218875811 22 3.24921831E-02 24 2.66599599E-02
 314 1 5 0.00000000E+00 19 0.583405554 23 0.211255759 24 0.115322329 18 4.51502018E-02 20 4.48661298E-02
 315 1 5 0.00000000E+00 19 0.449930847 20 0.216024518 24 0.231098488 23 0.109609187 15 -6.66303048E-03
 316 1 4 0.00000000E+00 20 0.452340961 24 0.292011768 19 0.220308751 23 3.53385136E-02
 317 1 3 0.00000000E+00 20 0.654026210 24 0.282808751 19 6.31650165E-02
 318 1 3 0.00000000E+00 20 0.605145693 24 0.276235968 16 0.118618362
 319 1 2 0.00000000E+00 20 0.651684582 24 0.348315418
 323 1 3 0.00000000E+00 21 0.654026210 17 0.282808751 22 6.31650165E-02
 324 1 4 0.00000000E+00 21 0.452340961 17 0.292011768 22 0.220308751 18 3.53385136E-02
 325 1 5 0.00000000E+00 22 0.449930847 17 0.231098488 21 0.216024518 18 0.109609187 26 -6.66303048E-03
 326 1 5 0.00000000E+00 22 0.583405554 18 0.211255759 17 0.115322329 21 4.48661298E-02 23 4.51502018E-02
 327 1 5 0.00000000E+00 22 0.442372441 18 0.279599607 23 0.218875811 17 2.66599599E-02 19 3.24921831E-02
 328 1 4 0.00000000E+00 23 0.446972817 18 0.230719849 22 0.213460192 19 0.108847156
 329 1 5 0.00000000E+00 23 0.583405554 19 0.211255759 18 0.115322329 22 4.48661298E-02 24 4.51502018E-02
 330 1 5 0.00000000E+00 23 0.442372441 19 0.279599607 24 0.218875811 18 2.66599599E-02 20 3.24921831E-02
 331 1 5 0.00000000E+00 24 0.449930847 19 0.231098488 23 0.216024518 20 0.109609187 27 -6.66303048E-03
 332 1 4 0.00000000E+00 24 0.604426324 20 0.228138030 19 0.117749095 23 4.96865585E-02
 333 1 3 0.00000000E+00 24 0.564089894 20 0.382543832 19 5.33662550E-02
 334 1 2 0.00000000E+00 20 0.500000000 24 0.500000000
 338 1 4 0.00000000E+00 21 0.704360664 25 0.191327691 17 0.108391024 22 -4.07938985E-03
 339 1 5 0.00000000E+00 21 1.00000000 22 0.00000000E+00 17 0.00000000E+00 25 0.00000000E+00 26 0.00000000E+00
 340 1 5 0.00000000E+00 21 0.579350293 22 0.257499903 17 7.97676444E-02 26 7.11625740E-02 25 1.22195920E-02
 341 1 6 0.00000000E+00 22 0.586346626 21 0.257994205 26 8.36895108E-02 17 7.19484091E-02 18 1.87883321E-02 23 -1.87670942E-02
 342 1 6 0.00000000E+00 22 1.00000000 21 0.00000000E+00 23 0.00000000E+00 18 0.00000000E+00 26 0.00000000E+00 17 0.00000000E+00
 343 1 5 0.00000000E+00 22 0.596233308 23 0.285193563 18 8.64562169E-02 26 4.82407734E-02 21 -1.61238834E-02
 344 1 5 0.00000000E+00 23 0.615096569 22 0.288275778 18 7.57341385E-02 19 2.16104575E-02 24 -7.16962852E-04
 345 1 6 0.00000000E+00 23 1.00000000 22 0.00000000E+00 24 0.00000000E+00 19 0.00000000E+00 18 0.00000000E+00 27 0.00000000E+00
 346 1 5 0.00000000E+00 23 0.590803742 24 0.258549005 19 8.42195228E-02 27 7.95170590E-02 22 -1.30892992E-02
 347 1 5 0.00000000E+00 24 0.579350293 23 0.257499903 27 7.97676444E-02 19 7.11625740E-02 20 1.22195920E-02
 348 1 5 0.00000000E+00 24 1.00000000 23 0.00000000E+00 20 0.00000000E+00 27 0.00000000E+00 19 0.00000000E+00
 349 1 4 0.00000000E+00 24 0.704360664 20 0.191327691 27 0.108391024 23 -4.07938985E-03
 350 1 2 0.00000000E+00 24 0.639952838 20 0.360047191
 354 1 3 0.00000000E+00 21 0.564089894 25 0.382543832 26 5.33662550E-02
 355 1 4 0.00000000E+00 21 0.604426324 25 0.228138030 26 0.117749095 22 4.96865585E-02
 356 1 5 0.00000000E+00 21 0.449930847 22 0.216024518 26 0.231098488 25 0.109609187 17 -6.66303048E-03
 357 1 4 0.00000000E+00 22 0.452340961 26 0.292011768 21 0.220308751 25 3.53385136E-02
 358 1 4 0.00000000E+00 22 0.600806117 26 0.258695602 21 5.03523685E-02 23 9.01458934E-02
 359 1 4 0.00000000E+00 22 0.484905809 23 0.303747475 26 0.207332462 18 4.01425827E-03
 360 1 4 0.00000000E+00 23 0.501954675 22 0.254643440 26 0.124116160 27 0.119285680
 361 1 4 0.00000000E+00 23 0.635617852 27 0.200775027 22 0.110338598 24 5.32685556E-02
 362 1 4 0.00000000E+00 23 0.492817760 24 0.220619589 27 0.282027096 19 4.53555956E-03
 363 1 3 0.00000000E+00 24 0.455245912 27 0.308833122 23 0.235920966
 364 1 3 0.00000000E+00 24 0.654026210 27 0.282808751 23 6.31650165E-02
 370 1 3 0.00000000E+00 25 0.654026210 21 0.282808751 26 6.31650165E-02
 371 1 4 0.00000000E+00 25 0.452340961 21 0.292011768 26 0.220308751 22 3.53385136E-02
 372 1 4 0.00000000E+00 26 0.446972817 21 0.230719849 25 0.213460192 22 0.108847156
 373 1 4 0.00000000E+00 26 0.604426324 22 0.228138030 21 0.117749095 25 4.96865585E-02
 374 1 4 0.00000000E+00 26 0.532410800 22 0.312624961 21 3.65334079E-02 23 0.118430831
 375 1 3 0.00000000E+00 22 0.307735950 26 0.405334562 23 0.286929488
 376 1 4 0.00000000E+00 23 0.335578591 22 0.189954206 26 0.236046448 27 0.238420740
 377 1 4 0.00000000E+00 23 0.388932765 27 0.397814900 22 0.163165346 24 5.00869825E-02
 378 1 3 0.00000000E+00 27 0.548581183 23 0.325024545 24 0.126394272
 379 1 3 0.00000000E+00 27 0.628077447 24 0.232222423 23 0.139700145
 386 1 3 0.00000000E+00 25 1.00000000 26 0.00000000E+00 21 0.00000000E+00
 387 1 3 0.00000000E+00 25 0.614426553 26 0.296007544 21 8.95659104E-02
 388 1 4 0.00000000E+00 26 0.614762783 25 0.288199246 21 7.56956041E-02 22 2.13423762E-02
 389 1 4 0.00000000E+00 26 1.00000000 25 0.00000000E+00 22 0.00000000E+00 21 0.00000000E+00
 390 1 3 0.00000000E+00 26 0.753541768 22 0.206368223 25 4.00900319E-02
 394 1 3 0.00000000E+00 27 0.751947403 23 0.203019306 24 4.50332910E-02
 395 1 3 0.00000000E+00 27 1.00000000 24 0.00000000E+00 23 0.00000000E+00
 403 1 3 0.00000000E+00 25 0.604009986 26 0.360074073 21 3.59159671E-02
 405 1 2 0.00000000E+00 26 0.808182061 25 0.191817924
 406 1 2 0.00000000E+00 26 0.805912077 22 0.194087908
 419 1 2 0.00000000E+00 25 0.574580312 26 0.425419658
