points4.pts
zone4.inf
 16 28
 28
HK_UTAF0
HK_UTAF1
HK_UTAF2
HK_UTAF3
HK_UTAF4
HK_UTAF5
HK_UTAF6
HK_UTAF7
HK_UTAF8
HK_UTAF9
HK_UTAF10
HK_UTAF11
HK_UTAF12
HK_UTAF13
HK_UTAF14
HK_UTAF15
HK_UTAF16
HK_UTAF17
HK_UTAF18
HK_UTAF19
HK_UTAF20
HK_UTAF21
HK_UTAF22
HK_UTAF23
HK_UTAF24
HK_UTAF25
HK_UTAF26
HK_UTAF27
 2 1 7 0.00000000E+00 1 0.731717885 2 0.168510094 3 3.55907604E-02 4 -2.37427503E-02 5 4.31263149E-02 6 6.45565288E-03 7 3.83420326E-02
 3 1 8 0.00000000E+00 1 1.00000000 2 0.00000000E+00 3 0.00000000E+00 4 0.00000000E+00 5 0.00000000E+00 6 0.00000000E+00 7 0.00000000E+00 8 0.00000000E+00
 18 1 9 0.00000000E+00 1 0.470108658 2 0.428138465 3 6.35479018E-02 4 -3.39103155E-02 5 2.24453807E-02 6 -9.87267494E-03 7 1.86840892E-02 8 2.79729329E-02 9 1.28855640E-02
 19 1 9 0.00000000E+00 1 0.491316080 2 0.484522134 3 -3.53990332E-03 4 1.70514677E-02 5 -4.96066641E-05 6 -4.52600699E-03 7 7.46451877E-03 8 5.06671611E-03 9 2.69461074E-03
 34 1 10 0.00000000E+00 2 0.605983675 1 0.186645687 3 0.174822733 4 -4.23718505E-02 5 3.35974954E-02 6 -1.52209364E-02 8 2.91092768E-02 7 7.35697430E-03 9 1.83363096E-03 10 1.82433072E-02
 35 1 11 0.00000000E+00 2 1.00000000 1 0.00000000E+00 3 0.00000000E+00 4 0.00000000E+00 5 0.00000000E+00 6 0.00000000E+00 7 0.00000000E+00 8 0.00000000E+00 9 0.00000000E+00 10 0.00000000E+00 13 0.00000000E+00
 36 1 11 0.00000000E+00 2 0.551520169 1 0.156174749 3 6.68432266E-02 4 0.231774703 5 -1.99475568E-02 6 -1.65666007E-02 7 1.75089557E-02 8 1.68723788E-03 9 8.72943929E-07 10 -1.32872246E-03 11 1.23329749E-02
 50 1 12 0.00000000E+00 2 0.427662879 3 0.437910020 1 7.09636658E-02 4 -4.00407463E-02 5 6.35979101E-02 6 -2.31542997E-02 8 2.02752333E-02 7 6.89572375E-03 9 -1.00530842E-02 10 1.26980785E-02 13 2.34581046E-02 14 9.78652667E-03
 51 1 13 0.00000000E+00 2 0.474309206 3 0.461494416 4 7.47980997E-02 1 1.52917439E-03 5 -6.08175481E-03 6 -1.21959979E-02 7 -2.54819519E-03 8 1.58708601E-03 9 -2.07205536E-03 10 2.40355017E-04 13 3.66195850E-03 14 1.65402936E-03 11 3.62367067E-03
 52 1 14 0.00000000E+00 2 0.347791135 3 0.276035964 4 0.376192868 1 3.08351796E-02 5 -1.89165026E-02 6 -1.26645900E-02 7 1.91049732E-03 8 -4.30610031E-03 9 -2.12678197E-03 10 -2.34325137E-03 11 4.30023437E-03 13 8.73849203E-04 14 1.04695233E-03 15 1.37051218E-03
 66 1 13 0.00000000E+00 3 0.619224310 2 0.166214690 5 0.175725594 4 -4.83861230E-02 6 -2.74790432E-02 1 4.24902849E-02 8 3.17524858E-02 9 -1.60761140E-02 7 7.29538733E-03 13 2.67765094E-02 10 5.27810492E-03 14 1.16394355E-03 15 1.60199944E-02
 67 1 15 0.00000000E+00 3 1.00000000 2 0.00000000E+00 4 0.00000000E+00 5 0.00000000E+00 6 0.00000000E+00 1 0.00000000E+00 8 0.00000000E+00 7 0.00000000E+00 9 0.00000000E+00 10 0.00000000E+00 13 0.00000000E+00 14 0.00000000E+00 11 0.00000000E+00 15 0.00000000E+00 19 0.00000000E+00
 68 1 15 0.00000000E+00 3 0.417502850 4 0.440968156 2 7.02227578E-02 5 5.26522882E-02 6 6.15153871E-02 7 -1.42919626E-02 1 -5.51731139E-03 8 -9.86375101E-03 9 -4.10646014E-03 10 -2.31105462E-03 13 -3.19981831E-03 14 -2.31708604E-04 11 -2.01600045E-03 15 -3.10168834E-04 16 -1.01319083E-03
 69 1 17 0.00000000E+00 4 1.00000000 3 0.00000000E+00 6 0.00000000E+00 2 0.00000000E+00 5 0.00000000E+00 7 0.00000000E+00 9 0.00000000E+00 1 0.00000000E+00 8 0.00000000E+00 10 0.00000000E+00 11 0.00000000E+00 14 0.00000000E+00 13 0.00000000E+00 15 0.00000000E+00 12 0.00000000E+00 16 0.00000000E+00 20 0.00000000E+00
 70 1 17 0.00000000E+00 4 0.637801051 6 7.60252103E-02 7 0.237397164 3 -2.62151044E-02 2 3.11931316E-02 5 -1.79727785E-02 9 -1.60777308E-02 10 -1.85016524E-02 1 4.29655500E-02 8 -2.31031189E-03 11 1.00394394E-02 14 2.61317403E-03 15 1.32801384E-03 12 2.64212508E-02 13 9.37100407E-03 16 -1.14456250E-03 17 7.06714159E-03
 83 1 17 0.00000000E+00 3 0.459132135 5 0.459708810 4 5.07028773E-02 6 5.77168018E-02 2 -8.87783803E-03 8 -5.06633148E-03 9 -1.05585456E-02 7 -8.02187063E-03 1 8.75894795E-04 10 -2.68627447E-03 13 1.53117883E-03 14 -1.86789571E-03 15 2.94337777E-04 11 7.59621384E-04 19 2.97777727E-03 20 1.18149654E-03 16 2.19782721E-03
 84 1 18 0.00000000E+00 3 0.267385095 4 0.266504288 5 0.267611921 6 0.275516659 2 -1.59029774E-02 7 -1.28925340E-02 8 -1.27752973E-02 9 -5.48856612E-03 10 -7.46344961E-03 1 -9.24488995E-03 13 -4.31922218E-03 14 -6.17674203E-04 11 -1.77749642E-03 15 -5.90412645E-04 16 -3.51198512E-04 19 -2.23452505E-03 20 -5.43656584E-04 12 -2.81604240E-03
 85 1 19 0.00000000E+00 4 0.439947873 6 0.429645300 3 5.60884997E-02 5 5.73531687E-02 7 7.96749517E-02 9 -1.68498531E-02 2 -1.47369858E-02 8 -1.08549092E-02 10 -9.54014063E-03 11 -3.33939376E-03 14 -6.51340233E-04 1 -4.12587449E-03 13 -1.58192066E-03 15 -6.43676671E-04 16 -1.56811220E-04 12 -1.52575070E-04 20 1.69323190E-04 19 -2.97265593E-04 17 5.16190303E-05
 86 1 20 0.00000000E+00 4 0.375780553 6 0.285421878 7 0.375797451 3 -1.45629151E-02 5 -1.22139435E-02 9 -1.21713495E-02 10 -1.38582932E-02 2 -1.96361844E-03 8 -8.30475055E-03 11 -1.51426299E-03 14 -2.03475216E-03 15 -2.29936652E-03 1 1.19826766E-02 12 1.11711286E-02 13 5.99738152E-04 16 -2.90557113E-03 17 1.72737776E-03 20 1.98047678E-03 19 3.91420256E-03 21 3.45333572E-03
 99 1 17 0.00000000E+00 5 1.00000000 3 0.00000000E+00 6 0.00000000E+00 8 0.00000000E+00 4 0.00000000E+00 9 0.00000000E+00 2 0.00000000E+00 7 0.00000000E+00 13 0.00000000E+00 10 0.00000000E+00 14 0.00000000E+00 15 0.00000000E+00 1 0.00000000E+00 19 0.00000000E+00 11 0.00000000E+00 20 0.00000000E+00 16 0.00000000E+00
 100 1 19 0.00000000E+00 5 0.415336311 6 0.427306712 3 5.39646521E-02 4 5.68967871E-02 8 5.37643097E-02 9 6.36278689E-02 7 -2.13225093E-02 10 -7.77986739E-03 2 -1.16938157E-02 13 -9.71679669E-03 14 -4.37391363E-03 15 -2.61103990E-03 11 -1.48565008E-03 1 -5.12929400E-03 19 -3.13221756E-03 20 -4.47137718E-04 16 -2.94659658E-05 12 -2.09783716E-03 21 -1.07709179E-03
 101 1 21 0.00000000E+00 6 1.00000000 4 0.00000000E+00 5 0.00000000E+00 7 0.00000000E+00 9 0.00000000E+00 3 0.00000000E+00 8 0.00000000E+00 10 0.00000000E+00 14 0.00000000E+00 2 0.00000000E+00 11 0.00000000E+00 13 0.00000000E+00 15 0.00000000E+00 16 0.00000000E+00 20 0.00000000E+00 1 0.00000000E+00 12 0.00000000E+00 19 0.00000000E+00 17 0.00000000E+00 21 0.00000000E+00 24 0.00000000E+00
 102 1 21 0.00000000E+00 6 0.429112613 7 0.439291269 4 7.98346922E-02 9 6.13882504E-02 10 5.99800646E-02 5 -1.77753661E-02 3 -9.91440564E-03 8 -8.59316159E-03 11 -1.24907689E-02 14 -5.37946122E-03 15 -5.30108297E-03 2 -3.38923908E-03 13 -2.73304316E-03 16 -2.43373192E-03 12 -3.03590018E-03 20 -1.41690034E-04 17 3.10228817E-04 1 3.33691394E-04 19 3.27976479E-04 21 7.36565198E-05 22 5.35417290E-04
 103 1 22 0.00000000E+00 7 1.00000000 6 0.00000000E+00 10 0.00000000E+00 4 0.00000000E+00 9 0.00000000E+00 11 0.00000000E+00 5 0.00000000E+00 15 0.00000000E+00 3 0.00000000E+00 8 0.00000000E+00 12 0.00000000E+00 14 0.00000000E+00 16 0.00000000E+00 2 0.00000000E+00 13 0.00000000E+00 17 0.00000000E+00 20 0.00000000E+00 21 0.00000000E+00 1 0.00000000E+00 18 0.00000000E+00 19 0.00000000E+00 22 0.00000000E+00
 104 1 23 0.00000000E+00 7 0.634658277 10 7.81678632E-02 11 0.204776198 6 -2.60424074E-02 4 4.64197248E-02 9 -1.93685275E-02 12 8.27450007E-02 15 -1.29979644E-02 16 -2.18443386E-02 5 -2.61055934E-03 14 -5.52727422E-03 17 -1.65078361E-02 3 -4.19404637E-03 8 1.32684887E-03 21 3.03030363E-03 2 7.01101916E-03 13 2.66625988E-03 18 8.33639875E-03 20 3.71453864E-03 22 1.29727379E-03 1 1.93535332E-02 19 8.12131353E-03 23 7.46841589E-03
 115 1 19 0.00000000E+00 5 0.459337592 8 0.459316581 6 5.75147904E-02 9 5.76655343E-02 3 -5.15761552E-03 13 -5.10777114E-03 4 -1.16690649E-02 14 -1.07893590E-02 7 -5.69594884E-03 10 -5.55335917E-03 2 1.25779142E-03 15 -2.95336056E-03 19 2.86350655E-03 20 -1.73005962E-03 11 1.20727124E-03 16 8.58114276E-04 1 3.61728435E-03 24 2.62040552E-03 21 2.39767483E-03
 116 1 21 0.00000000E+00 5 0.267416745 6 0.275149494 8 0.267214090 9 0.275597483 3 -1.24081429E-02 4 -9.83638689E-03 7 -1.10455696E-02 10 -6.64849300E-03 13 -1.26755051E-02 14 -5.84989646E-03 15 -7.89610017E-03 2 -4.74399794E-03 11 -2.25325348E-03 19 -4.86361748E-03 20 -9.17680911E-04 16 -3.27869115E-04 1 -2.48455256E-03 12 -1.43577997E-03 21 -5.67424926E-04 24 -1.01333356E-03 17 -4.10201348E-04
 117 1 22 0.00000000E+00 6 0.426364750 9 0.426813424 5 5.81040159E-02 7 5.53884469E-02 8 5.78593649E-02 10 6.20462336E-02 4 -2.05324255E-02 14 -1.59506463E-02 3 -1.04546985E-02 13 -1.08151184E-02 15 -8.05942621E-03 11 -7.82712922E-03 16 -2.31247675E-03 20 -7.61429197E-04 2 -2.33147736E-03 19 -2.03318545E-03 12 -2.74200831E-03 21 -3.66428547E-04 17 3.08433337E-05 24 -5.30246994E-04 1 -1.59100676E-03 22 -2.99385370E-04
 118 1 24 0.00000000E+00 6 0.274495870 7 0.265230864 9 0.274864703 10 0.274284005 4 -1.24771651E-02 5 -7.44767440E-03 8 -7.78308883E-03 11 -1.05625363E-02 14 -6.74220361E-03 15 -6.93726772E-03 3 -8.01310409E-03 13 -8.47120583E-03 16 -7.34777236E-03 12 -5.33512002E-03 20 -1.68768771E-03 2 -1.74590596E-03 17 2.79200813E-05 19 -8.07294622E-04 21 -8.64589994E-04 22 1.31702967E-04 24 -3.82251368E-04 1 -1.55102916E-03 18 -5.56904997E-04 25 -3.22281208E-04
 119 1 24 0.00000000E+00 7 0.439000428 10 0.429138511 6 6.00630902E-02 9 6.13764897E-02 11 7.91087672E-02 15 -1.74923986E-02 4 -1.37925716E-02 14 -8.34514946E-03 16 -9.64997616E-03 5 -5.19874413E-03 8 -5.38641494E-03 12 1.57830608E-03 3 -2.38675601E-03 13 -2.62392126E-03 17 -3.80860106E-03 20 -8.52031633E-04 21 -8.94537661E-04 2 -7.28200364E-04 19 2.45638366E-04 22 -4.36234513E-05 18 -2.14637097E-04 24 2.74401449E-04 25 2.41118367E-04 23 3.90820147E-04
 120 1 24 0.00000000E+00 7 0.373921663 10 0.286510497 11 0.359375179 6 -1.40617983E-02 9 -1.20775094E-02 12 4.20112051E-02 15 -1.15831913E-02 16 -1.57734212E-02 4 1.96927367E-03 14 -9.25669447E-03 17 -1.50456699E-02 5 -1.44641660E-03 8 -4.08718595E-04 21 -2.15036538E-03 3 -1.16898865E-03 13 8.33150581E-04 18 2.24010507E-03 20 -1.12274359E-03 22 -5.55327279E-04 2 6.21048454E-03 19 2.81325192E-03 23 2.99514481E-03 25 2.72149500E-03 24 3.04937991E-03
 121 1 23 0.00000000E+00 11 0.570276558 7 0.228366509 10 8.06185678E-02 12 0.171233654 16 -3.27540413E-02 15 -1.57270730E-02 17 -2.23563965E-02 6 -1.76585820E-02 9 -1.44140534E-02 4 1.74671579E-02 14 -5.23060327E-03 18 5.03733288E-03 21 -1.52420485E-03 22 -1.03516458E-03 5 -2.42097289E-04 8 1.73895946E-03 20 2.20390107E-03 23 5.62360976E-03 3 -1.10996526E-03 13 2.40616733E-03 25 6.97673298E-03 2 1.32164098E-02 19 6.88660704E-03
 122 1 22 0.00000000E+00 11 0.407259226 12 0.456866056 7 0.137187093 10 3.91257135E-03 16 -2.55069062E-02 17 -2.53903549E-02 15 -1.54464059E-02 18 1.26839466E-02 6 -1.40869683E-02 9 -1.03768073E-02 21 -1.96903246E-03 22 -4.57757199E-03 4 2.75564082E-02 14 -2.77345628E-03 23 1.97895896E-03 5 9.12560790E-04 8 3.56026809E-03 20 8.32688250E-03 25 9.19053145E-03 3 9.92892962E-03 13 8.40945169E-03 26 1.23546012E-02
 131 1 20 0.00000000E+00 8 1.00000000 5 0.00000000E+00 9 0.00000000E+00 13 0.00000000E+00 6 0.00000000E+00 14 0.00000000E+00 3 0.00000000E+00 10 0.00000000E+00 19 0.00000000E+00 4 0.00000000E+00 7 0.00000000E+00 15 0.00000000E+00 20 0.00000000E+00 2 0.00000000E+00 11 0.00000000E+00 16 0.00000000E+00 24 0.00000000E+00 21 0.00000000E+00 1 0.00000000E+00 12 0.00000000E+00
 132 1 21 0.00000000E+00 8 0.415001392 9 0.427515954 5 5.38649708E-02 6 6.32911548E-02 13 5.38224988E-02 14 6.32855147E-02 10 -1.63310803E-02 7 -9.73482151E-03 15 -8.69419985E-03 3 -9.53129400E-03 4 -5.90807572E-03 19 -1.07548302E-02 20 -5.23690227E-03 11 -1.25496555E-03 16 -6.09041192E-04 2 -3.29534849E-03 24 -1.83532364E-03 21 -9.19114565E-04 12 -1.02715474E-03 17 -4.77062102E-04 25 -1.17225805E-03
 133 1 22 0.00000000E+00 9 1.00000000 6 0.00000000E+00 8 0.00000000E+00 10 0.00000000E+00 14 0.00000000E+00 5 0.00000000E+00 7 0.00000000E+00 13 0.00000000E+00 15 0.00000000E+00 4 0.00000000E+00 11 0.00000000E+00 20 0.00000000E+00 3 0.00000000E+00 16 0.00000000E+00 19 0.00000000E+00 21 0.00000000E+00 12 0.00000000E+00 24 0.00000000E+00 2 0.00000000E+00 17 0.00000000E+00 22 0.00000000E+00 25 0.00000000E+00
 134 1 23 0.00000000E+00 9 0.426306665 10 0.425776601 6 6.21364936E-02 7 5.55773675E-02 14 6.18381761E-02 15 6.07870966E-02 8 -1.69698037E-02 11 -1.96018331E-02 5 -8.28481931E-03 13 -8.45216401E-03 16 -7.92663917E-03 4 -8.64424929E-03 20 -6.85812952E-03 3 -2.57137162E-03 12 -3.44628189E-03 19 -2.73842621E-03 21 -4.18814411E-03 17 -1.61165794E-04 24 -1.06827205E-03 22 2.00491981E-04 2 -8.06129829E-04 25 -7.88116013E-04 18 -1.17366777E-04
 135 1 25 0.00000000E+00 10 1.00000000 7 0.00000000E+00 9 0.00000000E+00 11 0.00000000E+00 15 0.00000000E+00 6 0.00000000E+00 14 0.00000000E+00 16 0.00000000E+00 8 0.00000000E+00 12 0.00000000E+00 4 0.00000000E+00 5 0.00000000E+00 13 0.00000000E+00 17 0.00000000E+00 20 0.00000000E+00 21 0.00000000E+00 3 0.00000000E+00 19 0.00000000E+00 22 0.00000000E+00 18 0.00000000E+00 24 0.00000000E+00 25 0.00000000E+00 2 0.00000000E+00 23 0.00000000E+00 27 0.00000000E+00
 136 1 25 0.00000000E+00 10 0.428910702 11 0.443327725 7 8.04044828E-02 15 5.97332753E-02 16 6.01370260E-02 9 -1.73278507E-02 12 -9.98715684E-03 6 -9.66138393E-03 14 -8.61717947E-03 17 -9.20168590E-03 21 -6.95679383E-03 4 -3.06905876E-03 8 -6.43714971E-04 20 -4.25158814E-03 22 -2.60705478E-03 5 -4.54806053E-04 13 -2.61926645E-04 18 -8.71573400E-04 25 -6.64750230E-04 3 -2.19670710E-06 19 6.30122318E-04 23 1.29263659E-04 24 -2.32038990E-04 2 7.57794362E-04 26 7.80364790E-04
 137 1 24 0.00000000E+00 11 1.00000000 10 0.00000000E+00 12 0.00000000E+00 16 0.00000000E+00 7 0.00000000E+00 15 0.00000000E+00 17 0.00000000E+00 9 0.00000000E+00 21 0.00000000E+00 6 0.00000000E+00 14 0.00000000E+00 18 0.00000000E+00 22 0.00000000E+00 4 0.00000000E+00 20 0.00000000E+00 23 0.00000000E+00 8 0.00000000E+00 25 0.00000000E+00 5 0.00000000E+00 13 0.00000000E+00 3 0.00000000E+00 19 0.00000000E+00 24 0.00000000E+00 26 0.00000000E+00
 138 1 22 0.00000000E+00 11 0.454738200 12 0.455719113 16 5.84565327E-02 17 5.78595586E-02 10 -1.37322051E-02 7 2.07451675E-02 15 -1.03398198E-02 18 -1.23847332E-02 21 -6.24507293E-03 22 -5.39968628E-03 9 -2.59488891E-03 23 -2.47985916E-03 6 -3.07210418E-03 14 -1.09968847E-03 25 3.46184941E-04 4 4.46561025E-03 20 -4.92800202E-04 26 1.57383189E-03 8 5.20113681E-04 5 6.93201728E-04 13 1.24497572E-03 24 1.47834723E-03
 139 1 19 0.00000000E+00 12 1.00000000 11 0.00000000E+00 17 0.00000000E+00 16 0.00000000E+00 18 0.00000000E+00 10 0.00000000E+00 22 0.00000000E+00 7 0.00000000E+00 15 0.00000000E+00 21 0.00000000E+00 23 0.00000000E+00 9 0.00000000E+00 6 0.00000000E+00 14 0.00000000E+00 25 0.00000000E+00 26 0.00000000E+00 4 0.00000000E+00 20 0.00000000E+00 8 0.00000000E+00
 147 1 19 0.00000000E+00 8 0.459387451 13 0.459395170 9 5.76109588E-02 14 5.74032143E-02 5 -5.09715965E-03 19 -3.52359749E-03 6 -1.08292187E-02 20 -1.16224075E-02 10 -5.57461753E-03 15 -6.48160279E-03 3 1.59702683E-03 7 -1.47115043E-03 4 -7.04828650E-04 24 7.36760267E-04 11 1.72103092E-03 16 6.36569981E-04 21 1.12241119E-04 2 4.06801607E-03 25 2.63615884E-03
 148 1 23 0.00000000E+00 8 0.267213315 9 0.275501758 13 0.267329991 14 0.275098890 5 -1.26407547E-02 6 -5.87176532E-03 10 -6.67225476E-03 15 -8.81054159E-03 19 -1.44073823E-02 20 -8.17376096E-03 7 -8.45737290E-03 3 -4.10922850E-03 4 -1.11282989E-03 11 -1.54248206E-03 16 -1.68234599E-03 24 -3.85365705E-03 21 -2.65385979E-03 2 -1.76653464E-03 12 -6.65901578E-04 17 -1.50314401E-04 25 -1.09614898E-03 22 -1.76197558E-04 27 -1.30063668E-03
 149 1 23 0.00000000E+00 9 0.426615477 14 0.426097065 8 5.79215847E-02 10 6.20745718E-02 13 5.80120906E-02 15 5.99596538E-02 6 -1.59319416E-02 20 -1.83156133E-02 5 -1.07005090E-02 7 -9.41429101E-03 19 -1.12142572E-02 11 -6.19632471E-03 16 -5.66682173E-03 4 -9.78727243E-04 21 -4.95502539E-03 24 -2.40357616E-03 3 -1.60630757E-03 12 -9.86039406E-04 17 -1.61914359E-04 25 -1.10280584E-03 22 1.42683741E-04 2 -5.62943635E-04 27 -6.26026653E-04
 150 1 25 0.00000000E+00 9 0.274618655 10 0.274067402 14 0.274036229 15 0.272534758 6 -6.58656005E-03 7 -1.05864452E-02 8 -7.67023116E-03 11 -9.41589475E-03 13 -7.61255948E-03 16 -6.87578833E-03 20 -8.82367231E-03 5 -8.24784115E-03 19 -8.27381201E-03 21 -9.88725387E-03 4 -2.30560917E-03 12 -3.14498763E-03 17 -1.04843953E-03 24 -2.60766991E-03 3 -4.93906729E-04 22 -1.77182272E-04 25 -1.47576723E-03 18 1.66399004E-05 27 -4.06236883E-04 2 5.21251459E-05 23 3.14056320E-04
 151 1 25 0.00000000E+00 10 0.425876766 15 0.421706736 9 6.24344572E-02 11 5.90825528E-02 14 6.12260513E-02 16 6.15808628E-02 7 -2.04971693E-02 6 -7.83695746E-03 20 -1.27220275E-02 21 -1.27020497E-02 8 -5.42399287E-03 12 -8.42147786E-03 13 -5.28138550E-03 17 -4.82864631E-03 5 -2.63732625E-03 19 -2.11978378E-03 22 -2.15513352E-03 4 -1.50187185E-03 24 -2.53018620E-03 25 -2.59411894E-03 18 -5.52515383E-04 3 9.52215050E-05 23 2.47320495E-05 27 -6.05343725E-04 26 3.82607861E-04
 152 1 25 0.00000000E+00 10 0.274177581 11 0.270515054 15 0.272609591 16 0.274489164 7 -1.18718306E-02 9 -6.45910669E-03 12 -1.31436558E-02 14 -7.14228954E-03 17 -6.21612929E-03 21 -8.87511950E-03 6 -7.56543782E-03 20 -9.91487317E-03 22 -7.63314310E-03 8 -1.30998937E-03 13 -1.27082621E-03 18 -2.61296937E-03 25 -2.66506989E-03 4 -2.12021987E-03 5 -3.53985670E-04 19 -1.83240831E-04 23 -4.63626289E-04 24 -1.56740507E-03 3 1.55811766E-04 26 3.17991471E-05 27 -6.10082527E-04
 153 1 25 0.00000000E+00 11 0.418977320 16 0.426544100 10 6.15793653E-02 12 5.08272089E-02 15 6.02871925E-02 17 6.28632084E-02 21 -1.87082663E-02 7 -1.68395992E-02 22 -7.63459597E-03 9 -4.76088841E-03 14 -5.67215448E-03 18 -9.38274991E-03 6 -2.02621310E-03 20 -4.97331191E-03 23 -2.85655097E-03 25 -2.19985330E-03 8 -3.71682952E-04 13 -3.37474194E-04 4 -2.19710660E-03 24 -1.28326216E-03 26 -6.47628214E-04 5 -4.94618735E-06 19 -6.47670531E-05 27 -8.40479915E-04 3 -2.76851439E-04
 154 1 24 0.00000000E+00 11 0.270258337 12 0.261949927 16 0.274839193 17 0.275029212 10 -6.78081764E-03 15 -8.61409120E-03 18 -1.37221329E-02 21 -9.04062856E-03 22 -6.37538917E-03 7 -1.35701774E-02 23 -8.59405007E-03 9 -8.78378516E-04 14 -1.67606724E-03 25 -2.97634187E-03 6 -2.81846624E-05 20 -2.71962304E-03 26 -1.80458243E-03 4 -2.19703000E-03 8 -2.07835430E-04 13 -1.70872678E-04 24 -1.20159867E-03 5 -2.55580409E-04 19 -1.71089501E-04 27 -1.09220401E-03
 155 1 19 0.00000000E+00 12 0.436052263 17 0.429644883 11 5.56041300E-02 16 6.17418662E-02 18 7.86516592E-02 22 -1.71979163E-02 21 -9.05109569E-03 23 -1.09504499E-02 10 -5.69506502E-03 15 -5.82054071E-03 7 -8.40085745E-03 25 -1.16166263E-03 26 -1.75328914E-03 9 1.66445956E-04 14 -2.83607311E-04 6 4.60006995E-04 20 -7.50038598E-04 4 -1.07188465E-03 24 -1.84848497E-04
 156 1 17 0.00000000E+00 12 0.378543526 17 0.284815103 18 0.378842890 11 -1.26870889E-02 16 -1.23584000E-02 22 -1.30706402E-02 23 -1.20857824E-02 21 -9.07279551E-03 10 -3.25729349E-03 15 -2.15343246E-03 26 2.17089104E-03 7 2.67113815E-03 25 3.38896574E-03 9 1.60497089E-03 14 1.98805658E-03 6 5.44375135E-03 20 5.21613704E-03
 157 1 13 0.00000000E+00 18 0.658986270 12 0.249842927 17 7.21516609E-02 23 -2.74971686E-03 22 -2.46388130E-02 11 -1.18360976E-02 16 -1.73102766E-02 21 -2.31483136E-03 26 2.09523831E-02 10 3.28283734E-03 15 9.95522086E-03 25 1.62790697E-02 7 2.73993369E-02
 162 1 18 0.00000000E+00 13 0.620038748 8 0.175105125 19 0.193022653 14 -4.17816602E-02 9 -2.75057703E-02 20 -2.72918474E-02 5 3.11861187E-02 6 -1.47240181E-02 15 -3.67066218E-03 24 7.24622048E-03 10 -1.85300410E-03 3 2.60361079E-02 7 7.86744058E-03 4 7.12553645E-03 16 6.08660141E-03 11 1.19623123E-02 21 9.84070636E-03 27 2.13094149E-02
 163 1 21 0.00000000E+00 13 1.00000000 8 0.00000000E+00 14 0.00000000E+00 19 0.00000000E+00 9 0.00000000E+00 20 0.00000000E+00 5 0.00000000E+00 15 0.00000000E+00 6 0.00000000E+00 10 0.00000000E+00 24 0.00000000E+00 7 0.00000000E+00 3 0.00000000E+00 16 0.00000000E+00 4 0.00000000E+00 11 0.00000000E+00 21 0.00000000E+00 25 0.00000000E+00 27 0.00000000E+00 2 0.00000000E+00 17 0.00000000E+00
 164 1 22 0.00000000E+00 13 0.415084720 14 0.427285850 8 5.36830537E-02 9 6.35161474E-02 19 4.94174585E-02 20 6.06622770E-02 15 -1.85067542E-02 10 -7.88717251E-03 5 -9.71399993E-03 6 -4.35289554E-03 24 -1.09424517E-02 7 -3.18393577E-03 16 -1.16713252E-03 11 -6.79362449E-04 21 -2.93509569E-03 3 -3.10288486E-03 4 -6.32515643E-04 25 -1.95202511E-03 27 -2.93020578E-03 17 -2.84633221E-04 12 -9.30403708E-04 22 -4.48030623E-04
 165 1 23 0.00000000E+00 14 1.00000000 9 0.00000000E+00 13 0.00000000E+00 15 0.00000000E+00 20 0.00000000E+00 8 0.00000000E+00 10 0.00000000E+00 19 0.00000000E+00 6 0.00000000E+00 16 0.00000000E+00 24 0.00000000E+00 5 0.00000000E+00 7 0.00000000E+00 11 0.00000000E+00 21 0.00000000E+00 25 0.00000000E+00 4 0.00000000E+00 17 0.00000000E+00 3 0.00000000E+00 12 0.00000000E+00 22 0.00000000E+00 27 0.00000000E+00 18 0.00000000E+00
 166 1 24 0.00000000E+00 14 0.429041654 15 0.441669077 9 6.13639653E-02 10 6.05663098E-02 20 7.84681365E-02 13 -1.77506506E-02 16 -1.33060571E-02 8 -8.67935363E-03 11 -9.69340280E-03 19 -1.15710692E-02 21 8.42955429E-03 6 -5.33036422E-03 7 -6.52453955E-03 24 -1.35346618E-03 5 -2.79822201E-03 17 -1.55214104E-03 25 2.60270084E-03 12 -1.22228789E-03 22 -2.36632559E-03 4 -3.88462096E-04 27 2.43719405E-04 3 1.17915479E-04 18 1.59869771E-04 23 -1.26570638E-04
 167 1 25 0.00000000E+00 15 1.00000000 10 0.00000000E+00 14 0.00000000E+00 16 0.00000000E+00 9 0.00000000E+00 11 0.00000000E+00 20 0.00000000E+00 21 0.00000000E+00 7 0.00000000E+00 13 0.00000000E+00 17 0.00000000E+00 6 0.00000000E+00 8 0.00000000E+00 12 0.00000000E+00 19 0.00000000E+00 22 0.00000000E+00 24 0.00000000E+00 25 0.00000000E+00 5 0.00000000E+00 18 0.00000000E+00 27 0.00000000E+00 4 0.00000000E+00 23 0.00000000E+00 3 0.00000000E+00 26 0.00000000E+00
 168 1 25 0.00000000E+00 15 0.441735834 16 0.429205596 10 6.04742207E-02 11 5.90377375E-02 21 7.83768669E-02 14 -1.33687267E-02 17 -1.69301331E-02 9 -8.68984684E-03 12 -1.08689908E-02 20 8.41335952E-03 22 -1.04698725E-02 7 -8.09064321E-03 25 -1.08949735E-03 6 -2.56852852E-03 13 -1.58819475E-03 18 -1.12114602E-03 24 2.55811866E-03 8 -7.09787302E-04 19 -2.41787685E-03 23 -6.44803920E-04 27 2.82451831E-04 5 5.35599393E-05 26 -1.34717824E-03 4 -5.32067032E-04 3 2.99552194E-04
 169 1 24 0.00000000E+00 16 1.00000000 11 0.00000000E+00 15 0.00000000E+00 17 0.00000000E+00 21 0.00000000E+00 10 0.00000000E+00 12 0.00000000E+00 22 0.00000000E+00 14 0.00000000E+00 18 0.00000000E+00 25 0.00000000E+00 7 0.00000000E+00 9 0.00000000E+00 20 0.00000000E+00 23 0.00000000E+00 6 0.00000000E+00 24 0.00000000E+00 26 0.00000000E+00 13 0.00000000E+00 8 0.00000000E+00 19 0.00000000E+00 27 0.00000000E+00 4 0.00000000E+00 5 0.00000000E+00
 170 1 23 0.00000000E+00 16 0.426174521 17 0.426320821 11 5.93329519E-02 12 5.34266494E-02 21 5.93215078E-02 22 6.12674803E-02 15 -1.84271447E-02 18 -2.16255635E-02 10 -8.02531093E-03 23 -8.71165562E-03 25 -9.04371962E-03 7 -6.25558477E-03 14 -1.21894921E-03 26 -5.11051854E-03 9 -2.46737356E-04 20 -3.07501457E-03 6 2.09985534E-04 24 -1.71912403E-03 27 -1.67383277E-03 13 1.86891157E-05 8 -6.92568719E-05 19 1.70908941E-04 4 -1.04110420E-03
 171 1 20 0.00000000E+00 17 1.00000000 12 0.00000000E+00 16 0.00000000E+00 18 0.00000000E+00 22 0.00000000E+00 11 0.00000000E+00 21 0.00000000E+00 23 0.00000000E+00 15 0.00000000E+00 10 0.00000000E+00 25 0.00000000E+00 26 0.00000000E+00 7 0.00000000E+00 14 0.00000000E+00 9 0.00000000E+00 20 0.00000000E+00 6 0.00000000E+00 24 0.00000000E+00 27 0.00000000E+00 13 0.00000000E+00
 172 1 17 0.00000000E+00 17 0.429880172 18 0.435265034 12 7.84562752E-02 22 6.09834492E-02 23 5.35544008E-02 16 -1.70812085E-02 11 -1.06694810E-02 21 -8.58988240E-03 26 -1.22038499E-02 15 -9.30681883E-04 25 -4.59332950E-03 10 -7.62336189E-04 7 -2.00774800E-03 14 -1.33517242E-04 9 -1.43010140E-04 20 -3.35659483E-04 27 -6.88637898E-04
 173 1 14 0.00000000E+00 18 1.00000000 17 0.00000000E+00 23 0.00000000E+00 12 0.00000000E+00 22 0.00000000E+00 16 0.00000000E+00 26 0.00000000E+00 11 0.00000000E+00 21 0.00000000E+00 25 0.00000000E+00 15 0.00000000E+00 10 0.00000000E+00 7 0.00000000E+00 14 0.00000000E+00
 178 1 19 0.00000000E+00 13 0.438648641 19 0.471210092 8 6.31530955E-02 14 -3.13987434E-02 20 -2.97381282E-02 9 -2.30648462E-02 24 1.05290255E-02 5 2.03197412E-02 15 -4.89044655E-03 6 -9.38180927E-03 10 -1.50944816E-03 3 2.33610328E-02 7 8.83442536E-03 16 6.51541492E-03 21 4.55589872E-03 27 2.05879603E-02 4 9.49910283E-03 11 1.28780352E-02 25 9.89095867E-03
 179 1 19 0.00000000E+00 13 0.459470987 19 0.458120257 14 5.74582368E-02 20 5.55112511E-02 8 -5.03170351E-03 9 -1.06849726E-02 24 -1.34971058E-02 15 -7.24592060E-03 5 1.58489740E-03 10 -2.74794456E-03 6 -1.96386036E-03 16 5.43530216E-04 21 -1.04553474E-03 7 1.29121484E-03 27 9.39005928E-04 11 2.01767334E-03 25 5.47238102E-04 3 3.22830537E-03 4 1.50446210E-03
 180 1 22 0.00000000E+00 13 0.267244101 14 0.275444001 19 0.261099428 20 0.272456318 8 -1.28611587E-02 9 -5.69335371E-03 15 -8.75546318E-03 24 -1.60406958E-02 10 -7.67950341E-03 5 -4.30521369E-03 6 -6.24679727E-04 16 -1.61190913E-03 21 -3.91347008E-03 7 -9.33831267E-04 11 -5.59775333E-04 25 -3.52779566E-03 27 -5.65319741E-03 3 -2.08110735E-03 4 -4.61186719E-04 17 -2.96010199E-04 22 -3.63205676E-04 12 -8.82336579E-04
 181 1 22 0.00000000E+00 14 0.429834485 20 0.442441970 13 5.70448302E-02 15 7.77927637E-02 19 5.09326458E-02 9 -1.66710075E-02 24 -1.68300066E-02 8 -1.11218709E-02 10 -9.39104706E-03 16 -2.25485372E-03 21 1.09662004E-02 6 -5.65148308E-04 11 -3.53628630E-03 25 1.72079226E-03 5 -1.77964568E-03 7 -8.53250211E-04 27 -2.28206976E-03 17 -1.24865584E-03 22 -2.54718238E-03 12 -6.88547094E-04 4 -1.62665572E-04 3 -8.01463146E-04
 182 1 25 0.00000000E+00 14 0.288183689 15 0.344818234 20 0.349080503 9 -1.00825727E-02 10 -1.27861733E-02 13 -1.13818403E-02 16 6.69894693E-03 19 -2.06327587E-02 21 6.80717826E-02 24 1.67094879E-02 8 -9.43534076E-03 11 -1.14463819E-02 25 1.99963115E-02 6 -1.45661924E-03 7 -1.78259471E-03 17 -4.81711049E-03 22 -9.48363356E-03 27 4.65550506E-03 5 -6.95164548E-04 12 -1.44700042E-03 4 7.82290153E-05 18 8.18067856E-05 23 -3.58407444E-04 3 1.30489818E-04 26 -2.69941450E-03
 184 1 24 0.00000000E+00 15 0.344814152 16 0.287899435 21 0.348772615 10 -1.28131500E-02 11 -1.07455309E-02 14 6.78296247E-03 17 -1.01062786E-02 20 6.81142882E-02 22 -1.69392992E-02 25 1.79564506E-02 9 -1.12304334E-02 12 -9.28931031E-03 24 1.95294078E-02 7 -2.13317922E-03 13 -4.91847796E-03 18 -1.19202968E-03 19 -1.05708074E-02 23 -1.85482961E-03 27 5.04985126E-03 6 -6.48818910E-04 8 -1.41225127E-03 26 -5.76113258E-03 5 3.57265584E-04 4 3.39068007E-04
 185 1 23 0.00000000E+00 16 0.429093271 21 0.441710114 15 7.77471587E-02 17 6.13909923E-02 22 5.82514443E-02 11 -1.75191909E-02 25 -1.50805367E-02 10 -9.40816849E-03 12 -9.73705761E-03 14 -2.30549439E-03 18 -6.43191300E-03 20 1.08567104E-02 23 -5.79066854E-03 9 -3.43475537E-03 24 1.92210660E-03 26 -6.15019957E-03 7 -9.72699956E-04 27 -1.19373342E-03 13 -9.86799365E-04 19 -2.03051930E-03 6 -1.19408351E-05 8 -2.14347499E-04 5 2.96231359E-04
 186 1 22 0.00000000E+00 16 0.274281681 17 0.274470598 21 0.271259069 22 0.273079008 11 -7.33472593E-03 12 -1.13774315E-02 15 -8.81885458E-03 18 -1.13564776E-02 23 -7.90898409E-03 25 -1.30134672E-02 10 -7.67719839E-03 26 -1.16062602E-02 14 -1.70115300E-03 20 -4.09970107E-03 7 -1.49719976E-03 9 -3.36717902E-04 24 -3.23250308E-03 27 -3.86548112E-03 6 9.97992247E-05 13 1.14639908E-04 19 4.54192195E-04 8 6.71980524E-05
 187 1 19 0.00000000E+00 17 0.426672220 22 0.422709882 16 6.23294041E-02 18 5.29910326E-02 21 5.97101562E-02 23 5.72753884E-02 12 -2.19123065E-02 11 -8.36361758E-03 25 -1.54328411E-02 26 -1.80332903E-02 15 -6.65655686E-03 10 -2.46640132E-03 14 -7.13379879E-04 20 -2.07175012E-03 7 -1.17593573E-03 27 -2.62040482E-03 9 -1.31161200E-04 24 -1.53112249E-03 6 -5.79291605E-04
 188 1 18 0.00000000E+00 17 0.275404036 18 0.260426611 22 0.274223685 23 0.266848773 12 -1.42731415E-02 16 -6.27036951E-03 21 -7.30031077E-03 26 -1.88855808E-02 11 -8.41320585E-03 25 -1.13246366E-02 15 -1.47595338E-03 10 -3.06025438E-04 7 -2.41585216E-03 14 -6.48285553E-04 20 -9.22172738E-04 27 -2.48804106E-03 9 -9.93602909E-04 24 -1.18590367E-03
 189 1 14 0.00000000E+00 18 0.458193690 23 0.459020555 17 5.75812124E-02 22 5.47658205E-02 26 -6.87304279E-03 12 -1.17187733E-02 16 -5.41764358E-03 21 -5.65045141E-03 11 -2.78184796E-03 25 -5.80590498E-03 15 1.32431218E-03 10 8.94187193E-04 7 3.12395254E-03 27 3.34393070E-03
 195 1 19 0.00000000E+00 19 1.00000000 13 0.00000000E+00 20 0.00000000E+00 14 0.00000000E+00 24 0.00000000E+00 8 0.00000000E+00 9 0.00000000E+00 15 0.00000000E+00 10 0.00000000E+00 27 0.00000000E+00 5 0.00000000E+00 21 0.00000000E+00 6 0.00000000E+00 16 0.00000000E+00 25 0.00000000E+00 7 0.00000000E+00 11 0.00000000E+00 3 0.00000000E+00 22 0.00000000E+00
 196 1 19 0.00000000E+00 19 0.436232328 20 0.423770845 13 5.40564656E-02 14 6.13222308E-02 24 7.48490393E-02 15 -1.31435804E-02 8 -9.16110631E-03 9 -4.40442236E-03 10 -2.22861883E-03 21 -6.76621404E-03 27 -6.86358986E-03 16 -1.45038019E-03 25 -5.29046217E-03 5 -2.05991371E-03 6 3.58384459E-05 11 1.69476290E-04 7 -9.30052920E-05 22 7.66414101E-04 17 2.58656859E-04
 197 1 22 0.00000000E+00 20 1.00000000 14 0.00000000E+00 19 0.00000000E+00 24 0.00000000E+00 13 0.00000000E+00 15 0.00000000E+00 9 0.00000000E+00 21 0.00000000E+00 8 0.00000000E+00 10 0.00000000E+00 16 0.00000000E+00 25 0.00000000E+00 27 0.00000000E+00 11 0.00000000E+00 6 0.00000000E+00 22 0.00000000E+00 5 0.00000000E+00 7 0.00000000E+00 17 0.00000000E+00 12 0.00000000E+00 4 0.00000000E+00 23 0.00000000E+00
 198 1 23 0.00000000E+00 20 0.550736785 14 8.36160183E-02 15 0.174821541 24 0.118147716 19 -3.81447859E-02 21 0.108363986 13 -1.47704612E-02 16 1.30005637E-02 25 5.46641573E-02 9 -1.07574956E-02 10 -1.50302639E-02 27 2.02725958E-02 8 -4.70206933E-03 11 -8.38680379E-03 22 -1.52040226E-02 17 -6.36267429E-03 6 -5.41036308E-04 7 -9.15365119E-04 12 -1.78178819E-03 5 -3.83167353E-04 23 -7.43095705E-04 18 -1.06501837E-04 26 -5.79379871E-03
 200 1 23 0.00000000E+00 21 0.550345600 15 0.174797073 16 8.32000375E-02 25 0.120168805 20 0.108501866 22 -3.29853147E-02 14 1.31995790E-02 17 -1.36582777E-02 24 5.36076985E-02 10 -1.50406659E-02 11 -1.10995062E-02 27 2.07508020E-02 9 -8.18474963E-03 12 -4.32005199E-03 19 -1.77473016E-02 23 -1.68887526E-03 13 -6.76323334E-03 18 -3.36945988E-04 26 -9.97871161E-03 7 -8.41287605E-04 8 -1.75193197E-03 6 -2.65669805E-04 5 9.10889867E-05
 201 1 22 0.00000000E+00 21 1.00000000 16 0.00000000E+00 22 0.00000000E+00 25 0.00000000E+00 15 0.00000000E+00 17 0.00000000E+00 11 0.00000000E+00 20 0.00000000E+00 23 0.00000000E+00 10 0.00000000E+00 12 0.00000000E+00 14 0.00000000E+00 18 0.00000000E+00 24 0.00000000E+00 26 0.00000000E+00 27 0.00000000E+00 9 0.00000000E+00 19 0.00000000E+00 7 0.00000000E+00 13 0.00000000E+00 6 0.00000000E+00 8 0.00000000E+00
 202 1 21 0.00000000E+00 21 0.422988564 22 0.442656279 16 6.04550242E-02 17 6.09745495E-02 25 7.44443536E-02 23 -1.45970397E-02 15 -1.31571535E-02 18 -1.07464250E-02 26 8.71525798E-03 11 -5.20879030E-03 12 -6.58318959E-03 10 -2.28195242E-03 20 -6.79646758E-03 27 -6.56551775E-03 14 -1.46482931E-03 24 -5.05871139E-03 9 2.62777816E-04 7 -8.53305755E-05 19 1.10109348E-03 13 5.69019350E-04 6 3.78492550E-04
 203 1 19 0.00000000E+00 22 1.00000000 17 0.00000000E+00 21 0.00000000E+00 23 0.00000000E+00 16 0.00000000E+00 18 0.00000000E+00 25 0.00000000E+00 26 0.00000000E+00 12 0.00000000E+00 11 0.00000000E+00 15 0.00000000E+00 10 0.00000000E+00 27 0.00000000E+00 20 0.00000000E+00 14 0.00000000E+00 24 0.00000000E+00 7 0.00000000E+00 9 0.00000000E+00 19 0.00000000E+00
 204 1 17 0.00000000E+00 22 0.444152981 23 0.417222798 17 6.19455650E-02 18 4.75020334E-02 26 6.60546049E-02 21 -1.39613329E-02 16 -8.56917072E-03 25 8.75012577E-03 12 -1.02209356E-02 11 -2.86326441E-03 15 -1.22089114E-03 10 -2.05089833E-04 27 -2.36387807E-03 20 -1.23022741E-03 14 -1.02993601E-03 24 -1.90337386E-03 7 -2.06000637E-03
 205 1 15 0.00000000E+00 23 1.00000000 18 0.00000000E+00 22 0.00000000E+00 26 0.00000000E+00 17 0.00000000E+00 21 0.00000000E+00 12 0.00000000E+00 16 0.00000000E+00 25 0.00000000E+00 11 0.00000000E+00 15 0.00000000E+00 10 0.00000000E+00 27 0.00000000E+00 20 0.00000000E+00 28 0.00000000E+00
 211 1 16 0.00000000E+00 19 0.658341169 20 6.65018111E-02 24 0.234894350 13 -2.44930130E-03 14 -2.35997606E-02 8 7.53097609E-03 15 -1.14171859E-02 27 2.81784702E-02 9 -4.71171085E-03 21 -1.64707471E-03 25 8.45757095E-05 10 2.78474879E-03 16 5.10561420E-03 5 1.67531762E-02 6 9.16561112E-03 11 1.44845154E-02
 212 1 19 0.00000000E+00 19 0.379450470 20 0.279933304 24 0.371813625 13 -1.16661517E-02 14 -1.30931614E-02 15 -1.28208948E-02 27 2.29690992E-03 8 -1.13156729E-03 9 -2.23930576E-03 21 -7.14399805E-03 25 -6.09665504E-03 10 -3.78999335E-04 16 -1.45493192E-03 5 4.72649559E-03 6 1.81013183E-03 11 3.17222695E-03 22 4.56068525E-03 7 3.99827491E-03 17 4.26353700E-03
 213 1 20 0.00000000E+00 20 0.453170896 24 0.462212443 19 7.48615190E-02 14 -1.39929224E-02 13 -1.21826129E-02 15 1.02319717E-02 27 2.53937556E-03 21 1.86718926E-02 25 1.68095976E-02 9 -1.75376551E-03 16 4.50823369E-04 8 -1.72361638E-03 10 -2.29433156E-03 22 -4.43796394E-03 11 -1.03649579E-03 17 -1.27780228E-03 6 6.99405355E-05 5 -1.80279385E-04 7 1.71251068E-05 12 -1.55802642E-04
 214 1 23 0.00000000E+00 20 0.382392704 24 0.370249450 14 7.68885203E-03 15 7.62672275E-02 19 -3.14651802E-02 21 0.101010568 25 9.62342024E-02 27 6.45180419E-02 13 -1.42942285E-02 16 5.95680252E-03 9 -5.51366946E-03 10 -9.04301740E-03 22 -1.66828819E-02 8 -2.41197576E-03 11 -5.17799193E-03 17 -5.56414714E-03 6 -4.31558641E-04 7 -9.43028193E-04 12 -1.68271770E-03 23 -1.06603024E-03 26 -8.70659761E-03 5 -9.04938555E-04 18 -4.29890730E-04
 216 1 22 0.00000000E+00 21 0.381833404 25 0.373180896 15 7.62292668E-02 16 7.09204236E-03 20 0.101230629 22 -2.40317024E-02 24 9.46353227E-02 27 6.51717335E-02 14 6.26219576E-03 17 -1.27207423E-02 10 -9.03670862E-03 11 -5.96037786E-03 19 -2.05709878E-02 23 -2.32993672E-03 26 -1.45601127E-02 9 -4.82549611E-03 12 -1.99422310E-03 13 -6.28322968E-03 18 -4.69901221E-04 7 -7.13183195E-04 8 -1.64679578E-03 6 -4.92069405E-04
 217 1 21 0.00000000E+00 21 0.453129232 25 0.461101383 22 7.43192732E-02 16 -1.40801603E-02 15 1.02580693E-02 17 -1.03866532E-02 27 2.12486507E-03 20 1.87175758E-02 23 -3.31103592E-03 24 1.68188512E-02 26 7.30529148E-03 11 -1.90457480E-03 14 4.66572121E-04 18 -3.94607196E-03 10 -2.30346224E-03 12 -9.90575296E-04 19 -4.54081595E-03 9 -1.05975440E-03 13 -1.32879859E-03 7 -1.10004461E-04 8 -2.79179541E-04
 218 1 21 0.00000000E+00 21 0.282434136 22 0.346790701 25 0.355945945 16 -1.09164612E-02 17 -1.24549018E-02 23 2.15938245E-03 26 7.59754106E-02 15 -1.22877480E-02 18 -1.37031088E-02 27 -6.61977800E-03 11 -1.19268720E-03 12 -1.48897781E-03 20 -6.19546743E-03 24 -7.16632092E-03 10 -2.40655078E-04 14 -1.13907235E-03 9 7.30660220E-04 19 1.16388930E-03 7 8.32749589E-04 13 8.85544228E-04 28 6.48676744E-03
 221 1 14 0.00000000E+00 23 0.461524040 26 0.472221494 22 7.21148252E-02 18 -4.78208670E-03 17 -1.19213834E-02 21 -2.87269894E-03 25 8.97919107E-03 16 -3.83288809E-03 12 6.33940159E-04 11 7.06926978E-04 15 5.28679462E-04 27 1.10410270E-03 28 3.04929935E-03 10 2.54656002E-03
 228 1 15 0.00000000E+00 24 0.633209288 19 0.250619799 20 6.56717941E-02 27 5.35887033E-02 13 -6.47007488E-03 14 -1.90567896E-02 15 -1.25524886E-02 25 -9.93950479E-03 21 -1.09592779E-02 8 1.45389428E-02 9 3.80656798E-03 16 1.16478931E-03 10 5.84567571E-03 22 1.66234411E-02 11 1.39091192E-02
 229 1 18 0.00000000E+00 24 1.00000000 20 0.00000000E+00 19 0.00000000E+00 27 0.00000000E+00 14 0.00000000E+00 25 0.00000000E+00 13 0.00000000E+00 15 0.00000000E+00 21 0.00000000E+00 16 0.00000000E+00 9 0.00000000E+00 8 0.00000000E+00 10 0.00000000E+00 22 0.00000000E+00 11 0.00000000E+00 17 0.00000000E+00 6 0.00000000E+00 26 0.00000000E+00
 232 1 21 0.00000000E+00 25 0.566762865 21 0.126702458 27 0.190656006 24 0.103078328 20 5.89134321E-02 22 -2.41640378E-02 15 2.94195171E-02 16 -1.93434081E-03 14 1.01357594E-03 17 -5.92105603E-03 26 -9.52455588E-03 19 -1.67612564E-02 23 -2.12121545E-03 10 -4.34269197E-03 11 -2.64673657E-03 13 -3.77706089E-03 18 3.49124981E-04 9 -2.35219928E-03 12 -5.75116486E-04 8 -6.20749954E-04 28 -2.15432676E-03
 233 1 20 0.00000000E+00 25 1.00000000 21 0.00000000E+00 22 0.00000000E+00 27 0.00000000E+00 16 0.00000000E+00 24 0.00000000E+00 26 0.00000000E+00 15 0.00000000E+00 17 0.00000000E+00 20 0.00000000E+00 23 0.00000000E+00 14 0.00000000E+00 18 0.00000000E+00 11 0.00000000E+00 10 0.00000000E+00 12 0.00000000E+00 19 0.00000000E+00 9 0.00000000E+00 13 0.00000000E+00 28 0.00000000E+00
 236 1 16 0.00000000E+00 26 0.603154898 22 0.180408373 23 6.79700673E-02 25 0.141923830 21 6.68834150E-03 17 -1.49204759E-02 18 -1.82403270E-02 16 -9.39553324E-03 27 1.94534976E-02 12 -7.32647550E-06 28 3.36063914E-02 15 -4.41464875E-03 11 5.72764780E-04 24 -5.96558023E-03 20 -2.97706807E-03 10 2.14278558E-03
 237 1 14 0.00000000E+00 26 1.00000000 23 0.00000000E+00 22 0.00000000E+00 18 0.00000000E+00 25 0.00000000E+00 17 0.00000000E+00 21 0.00000000E+00 16 0.00000000E+00 28 0.00000000E+00 12 0.00000000E+00 27 0.00000000E+00 11 0.00000000E+00 15 0.00000000E+00 24 0.00000000E+00
 238 1 12 0.00000000E+00 26 0.697064042 23 0.172868177 22 -3.98756079E-02 18 4.53102775E-02 17 -1.55547485E-02 25 -3.15471366E-03 21 1.54832192E-03 28 8.12434852E-02 16 4.86694882E-03 12 1.37820458E-02 27 2.43113451E-02 11 1.75904315E-02
 246 1 18 0.00000000E+00 24 0.454925746 27 0.448574603 20 1.55004254E-02 25 6.04428835E-02 19 -3.24532948E-03 21 2.09508315E-02 14 -3.57111753E-03 15 7.54441647E-03 13 -1.67012762E-03 16 -9.75066621E-04 22 -8.16371292E-03 9 5.64153132E-04 10 2.21732305E-04 17 1.13512645E-03 26 -2.20049103E-03 8 4.27376991E-03 11 2.51561380E-03 23 3.17654014E-03
 248 1 20 0.00000000E+00 25 0.449121714 27 0.442381561 21 1.64570976E-02 24 5.91917597E-02 20 2.13449541E-02 22 -1.20909708E-02 15 7.90959597E-03 16 -2.57156696E-03 26 1.58200786E-02 14 -7.21251417E-04 17 -3.27692158E-03 19 -9.74675827E-03 23 -2.56196200E-03 10 -9.46999295E-04 11 -3.34984041E-04 13 -5.46780590E-04 18 3.83060076E-04 28 1.89416166E-02 9 2.88937823E-04 12 9.57825279E-04
 249 1 19 0.00000000E+00 25 0.639662802 27 0.247674286 21 -2.04539411E-02 22 1.75075494E-02 24 6.04128465E-04 26 7.18289465E-02 16 -4.58791666E-03 20 -9.13277327E-04 23 -3.54393804E-03 15 -2.78179371E-03 17 -5.07104350E-03 14 -2.00245850E-04 18 -8.52118130E-04 28 5.06990142E-02 19 -3.14738514E-04 11 1.46431266E-03 10 2.81111104E-03 12 2.85730907E-03 13 3.60954949E-03
 252 1 15 0.00000000E+00 26 0.588378251 22 8.43399316E-02 23 -7.18117272E-03 25 0.180862442 21 -5.00799855E-03 17 -1.23212598E-02 18 -6.84317946E-03 27 5.75218983E-02 28 0.121973686 16 -7.65498495E-03 12 5.32919774E-03 15 -7.86063087E-04 24 -5.36438217E-03 11 6.37168577E-03 20 3.81966966E-04
 253 1 12 0.00000000E+00 26 0.741607785 23 -5.28563699E-03 22 1.03742545E-02 25 6.86644986E-02 18 7.97482207E-03 21 -5.53728361E-03 28 0.132007867 17 -7.89245591E-03 27 3.71553935E-02 16 -8.52904748E-04 12 1.25228735E-02 15 9.26078670E-03
 254 1 11 0.00000000E+00 26 0.666261733 23 6.01057634E-02 22 -3.15714814E-02 18 3.62305902E-02 25 2.45477408E-02 28 0.170996368 17 -1.26927169E-02 21 8.09855526E-04 16 1.51761901E-02 27 4.22003232E-02 12 2.79356055E-02
 263 1 16 0.00000000E+00 27 1.00000000 24 0.00000000E+00 25 0.00000000E+00 20 0.00000000E+00 21 0.00000000E+00 19 0.00000000E+00 22 0.00000000E+00 15 0.00000000E+00 14 0.00000000E+00 16 0.00000000E+00 26 0.00000000E+00 13 0.00000000E+00 17 0.00000000E+00 23 0.00000000E+00 28 0.00000000E+00 10 0.00000000E+00
 264 1 16 0.00000000E+00 27 0.659622133 25 0.244190365 24 -2.59494479E-03 21 -1.28668090E-02 20 -9.12514748E-04 22 9.81926933E-05 26 4.04389389E-02 15 1.07632100E-03 16 -2.88868050E-05 19 1.08346844E-03 23 -2.23671901E-03 28 6.06568083E-02 14 1.33635465E-03 17 -1.67992242E-04 13 6.00292953E-03 18 4.30237502E-03
 268 1 12 0.00000000E+00 26 0.461739093 25 0.176953241 22 3.87756787E-02 23 -1.46385459E-02 28 0.243861914 21 -1.44689698E-02 27 9.73959789E-02 17 -4.04316746E-03 18 6.54712040E-03 16 2.22471266E-04 24 -2.14787884E-04 15 7.86997285E-03
 280 1 14 0.00000000E+00 27 0.643602312 25 0.136645541 24 -3.60761909E-03 21 -2.11178940E-02 20 -1.24731502E-02 22 3.26006231E-03 26 5.88542074E-02 28 0.133928254 15 2.30161520E-03 16 4.91935201E-03 19 2.36600302E-02 23 6.84801349E-03 14 1.22942813E-02 17 1.08850133E-02
 284 1 11 0.00000000E+00 26 0.332865506 28 0.381756008 25 0.143830732 22 1.64024383E-02 23 -1.02889482E-02 27 0.120100640 21 -1.44526167E-02 17 -3.86457570E-04 18 1.38491457E-02 16 9.52226389E-03 24 6.80128299E-03
 296 1 10 0.00000000E+00 27 0.534880996 25 8.65742266E-02 24 1.69550739E-02 28 0.215334818 21 -6.69210125E-03 26 6.68025836E-02 20 -2.38774065E-03 22 1.35284979E-02 19 5.09176627E-02 23 2.40859799E-02
 300 1 7 0.00000000E+00 28 0.536755562 26 0.217398494 25 0.101332188 27 0.126660198 22 1.24309277E-02 23 6.22164598E-03 21 -7.99027621E-04
 309 1 5 0.00000000E+00 27 0.479476392 24 0.161199734 25 0.130628794 20 3.48626263E-02 19 0.193832457
 310 1 7 0.00000000E+00 27 0.461831450 24 0.105642460 25 3.15079615E-02 20 2.01789988E-03 28 0.230182171 19 0.115644321 21 5.31737283E-02
 316 1 7 0.00000000E+00 28 0.693317890 26 0.116824828 25 6.06108159E-02 27 0.107328303 22 8.33030511E-03 23 9.70616750E-03 21 3.88170383E-03
 318 1 6 0.00000000E+00 28 0.726054192 26 0.144196287 23 3.46690901E-02 25 3.09711862E-02 22 1.25957262E-02 27 5.15135229E-02
 328 1 5 0.00000000E+00 27 0.353665113 28 0.348607272 25 7.03835115E-02 24 0.109373242 26 0.117970876
 333 1 5 0.00000000E+00 28 1.00000000 26 0.00000000E+00 25 0.00000000E+00 27 0.00000000E+00 23 0.00000000E+00
 343 1 4 0.00000000E+00 27 0.326083302 28 0.378098041 24 0.172659189 25 0.123159483
 360 1 2 0.00000000E+00 28 0.524930954 27 0.475069046
