points1.pts
zone1.inf
 66 136
 4
SS_UTB0
SS_UTB1
SS_UTB2
SS_UTB3
 5713 1 3 0.00000000E+00 1 1.00000000 2 0.00000000E+00 3 0.00000000E+00
 5778 1 3 0.00000000E+00 1 0.889111638 2 0.103786670 3 7.10168015E-03
 5779 1 3 0.00000000E+00 1 0.916911423 2 7.49511868E-02 3 8.13736301E-03
 5843 1 3 0.00000000E+00 1 0.783228099 2 0.203992963 3 1.27789704E-02
 5844 1 3 0.00000000E+00 1 0.816610694 2 0.172223821 3 1.11654764E-02
 5909 1 3 0.00000000E+00 1 0.713643730 2 0.271776736 3 1.45795103E-02
 5974 1 3 0.00000000E+00 1 0.614802599 2 0.367250264 3 1.79471318E-02
 5975 1 3 0.00000000E+00 1 0.639831364 2 0.343445390 3 1.67232398E-02
 6040 1 3 0.00000000E+00 1 0.543174386 2 0.438796699 3 1.80289038E-02
 6041 1 3 0.00000000E+00 1 0.564038277 2 0.417286277 3 1.86754521E-02
 6106 1 3 0.00000000E+00 2 0.512955129 1 0.469293684 3 1.77511983E-02
 6107 1 3 0.00000000E+00 2 0.492526144 1 0.487235218 3 2.02386305E-02
 6172 1 3 0.00000000E+00 2 0.589244664 1 0.393863231 3 1.68920979E-02
 6238 1 3 0.00000000E+00 2 0.667460382 1 0.317228973 3 1.53106293E-02
 6304 1 4 0.00000000E+00 2 0.746150136 1 0.237105682 3 1.83161616E-03 4 1.49125755E-02
 6370 1 4 0.00000000E+00 2 0.828574836 3 1.62024982E-03 1 0.159052476 4 1.07524581E-02
 6371 1 4 0.00000000E+00 2 0.795778632 3 2.37876195E-02 1 0.176979885 4 3.45387170E-03
 6435 1 4 0.00000000E+00 2 0.882620454 3 1.02850068E-02 1 8.63632634E-02 4 2.07312852E-02
 6436 1 4 0.00000000E+00 2 0.913132370 3 1.03251508E-03 1 8.00468326E-02 4 5.78831090E-03
 6437 1 4 0.00000000E+00 2 0.859953701 3 3.67480777E-02 1 0.104346909 4 -1.04870542E-03
 6502 1 4 0.00000000E+00 2 1.00000000 3 0.00000000E+00 1 0.00000000E+00 4 0.00000000E+00
 6503 1 4 0.00000000E+00 2 0.878475726 3 7.76100457E-02 1 4.78548892E-02 4 -3.94068565E-03
 6569 1 4 0.00000000E+00 2 0.802165747 3 0.175440252 1 2.49314103E-02 4 -2.53743399E-03
 6633 1 4 0.00000000E+00 2 0.707638502 3 0.255002856 4 3.19216065E-02 1 5.43703418E-03
 6634 1 4 0.00000000E+00 2 0.712982237 3 0.271757156 1 3.24502564E-03 4 1.20155606E-02
 6635 1 4 0.00000000E+00 2 0.680021763 3 0.301572293 1 1.80245638E-02 4 3.81421385E-04
 6699 1 4 0.00000000E+00 2 0.579546928 3 0.376873195 4 4.02051993E-02 1 3.37468483E-03
 6700 1 4 0.00000000E+00 2 0.572700202 3 0.406984925 4 1.70151554E-02 1 3.29970242E-03
 6701 1 4 0.00000000E+00 2 0.547175705 3 0.435513228 4 2.79257749E-03 1 1.45185087E-02
 6765 1 4 0.00000000E+00 3 0.496124893 2 0.451848626 4 5.01762554E-02 1 1.85023469E-03
 6766 1 4 0.00000000E+00 3 0.541233420 2 0.434643984 4 2.17165463E-02 1 2.40607606E-03
 6767 1 4 0.00000000E+00 3 0.572865307 2 0.411431581 4 4.17171279E-03 1 1.15314256E-02
 6831 1 4 0.00000000E+00 3 0.606383204 2 0.329416484 4 6.38832599E-02 1 3.17061640E-04
 6832 1 4 0.00000000E+00 3 0.672448099 2 0.299795836 4 2.70589255E-02 1 6.97151350E-04
 6833 1 4 0.00000000E+00 3 0.712707818 2 0.274726093 4 4.29334771E-03 1 8.27273075E-03
 6897 1 4 0.00000000E+00 3 0.695567667 2 0.219301641 4 8.61232504E-02 1 -9.92549816E-04
 6898 1 4 0.00000000E+00 3 0.792306364 2 0.172601536 4 3.65255475E-02 1 -1.43344596E-03
 6899 1 4 0.00000000E+00 3 0.854995430 2 0.137566239 4 2.97368132E-03 1 4.46464540E-03
 6963 1 4 0.00000000E+00 3 0.742292225 2 0.133369908 4 0.125620782 1 -1.28291617E-03
 6964 1 4 0.00000000E+00 3 0.863250375 2 7.35940933E-02 4 6.55184686E-02 1 -2.36293720E-03
 6965 1 4 0.00000000E+00 3 1.00000000 2 0.00000000E+00 4 0.00000000E+00 1 0.00000000E+00
 7029 1 3 0.00000000E+00 3 0.732145369 2 7.95641765E-02 4 0.188290477
 7030 1 3 0.00000000E+00 3 0.832926750 2 3.15906182E-02 4 0.135482624
 7095 1 3 0.00000000E+00 3 0.679824710 4 0.268659234 2 5.15160784E-02
 7096 1 3 0.00000000E+00 3 0.754447103 4 0.225482002 2 2.00709123E-02
 7161 1 3 0.00000000E+00 3 0.606560051 4 0.357527584 2 3.59123535E-02
 7162 1 3 0.00000000E+00 3 0.665512264 4 0.319080859 2 1.54068982E-02
 7163 1 3 0.00000000E+00 3 0.703588307 4 0.288570344 2 7.84134213E-03
 7164 1 3 0.00000000E+00 3 0.714191139 4 0.269668311 2 1.61405206E-02
 7227 1 3 0.00000000E+00 3 0.524274707 4 0.449790776 2 2.59345043E-02
 7228 1 3 0.00000000E+00 3 0.575073898 4 0.412251502 2 1.26745971E-02
 7229 1 3 0.00000000E+00 3 0.611495256 4 0.379273713 2 9.23101138E-03
 7293 1 3 0.00000000E+00 4 0.542773783 3 0.438604742 2 1.86215118E-02
 7294 1 3 0.00000000E+00 4 0.503162444 3 0.486152798 2 1.06847789E-02
 7295 1 3 0.00000000E+00 3 0.523662925 4 0.465905786 2 1.04312692E-02
 7359 1 3 0.00000000E+00 4 0.634340942 3 0.352844864 2 1.28141725E-02
 7424 1 3 0.00000000E+00 4 0.768996894 3 0.217989519 2 1.30136060E-02
 7425 1 3 0.00000000E+00 4 0.721342087 3 0.270258486 2 8.39942880E-03
 7489 1 3 0.00000000E+00 4 0.898936212 3 8.90842974E-02 2 1.19794877E-02
 7490 1 3 0.00000000E+00 4 0.858315051 3 0.136109054 2 5.57588041E-03
 7555 1 3 0.00000000E+00 4 1.00000000 3 0.00000000E+00 2 0.00000000E+00
 7556 1 3 0.00000000E+00 4 0.922278404 3 7.37655312E-02 2 3.95606318E-03
 7621 1 3 0.00000000E+00 4 0.969826460 3 1.31087881E-02 2 1.70647651E-02
 7622 1 3 0.00000000E+00 4 0.932781935 3 5.32149449E-02 2 1.40031250E-02
 7686 1 3 0.00000000E+00 4 0.939455569 3 1.50715858E-02 2 4.54728603E-02
 7687 1 3 0.00000000E+00 4 0.941621780 3 2.44997758E-02 2 3.38784270E-02
 7688 1 3 0.00000000E+00 4 0.917778373 3 5.27683832E-02 2 2.94532534E-02
 7753 1 3 0.00000000E+00 4 0.915170312 3 3.45232673E-02 2 5.03064170E-02
 7754 1 3 0.00000000E+00 4 0.897351921 3 5.68272099E-02 2 4.58208509E-02
 7819 1 2 0.00000000E+00 4 0.901358247 3 9.86417681E-02
 7820 1 2 0.00000000E+00 4 0.886381924 3 0.113618098
 7885 1 2 0.00000000E+00 4 0.880504549 3 0.119495474
 7886 1 2 0.00000000E+00 4 0.867988408 3 0.132011592
 7952 1 2 0.00000000E+00 4 0.850191236 3 0.149808750
